write1.1 9997.55 -4.08586
1.2 9997.1 -4.45724
1.3 9996.62 -4.8286
1.4 9996.1 -5.19994
1.5 9995.54 -5.57126
1.6 9994.95 -5.94256
1.7 9994.32 -6.31384
1.8 9993.65 -6.6851
1.9 9992.94 -7.05632
2 9992.2 -7.42753
2.1 9991.42 -7.7987
2.2 9990.6 -8.16984
2.3 9989.75 -8.54095
2.4 9988.86 -8.91203
2.5 9987.93 -9.28307
2.6 9986.96 -9.65408
2.7 9985.96 -10.025
2.8 9984.92 -10.396
2.9 9983.85 -10.7669
3 9982.73 -11.1377
3.1 9981.58 -11.5085
3.2 9980.39 -11.8793
3.3 9979.17 -12.25
3.4 9977.91 -12.6206
3.5 9976.61 -12.9913
3.6 9975.27 -13.3618
3.7 9973.9 -13.7323
3.8 9972.49 -14.1028
3.9 9971.04 -14.4732
4 9969.56 -14.8435
4.1 9968.03 -15.2138
4.2 9966.48 -15.584
4.3 9964.88 -15.9542
4.4 9963.25 -16.3243
4.5 9961.58 -16.6943
4.6 9959.87 -17.0643
4.7 9958.13 -17.4342
4.8 9956.35 -17.8041
4.9 9954.53 -18.1738
5 9952.68 -18.5435
5.1 9950.79 -18.9131
5.2 9948.86 -19.2827
5.3 9946.89 -19.6521
5.4 9944.89 -20.0215
5.5 9942.85 -20.3909
5.6 9940.77 -20.7601
5.7 9938.66 -21.1292
5.8 9936.51 -21.4983
5.9 9934.32 -21.8673
6 9932.1 -22.2362
6.1 9929.84 -22.605
6.2 9927.54 -22.9737
6.3 9925.21 -23.3423
6.4 9922.84 -23.7109
6.5 9920.43 -24.0793
6.6 9917.99 -24.4476
6.7 9915.5 -24.8159
6.8 9912.99 -25.184
6.9 9910.43 -25.5521
7 9907.84 -25.92
7.1 9905.21 -26.2879
7.2 9902.54 -26.6556
7.3 9899.84 -27.0232
7.4 9897.1 -27.3908
7.5 9894.33 -27.7582
7.6 9891.51 -28.1255
7.7 9888.66 -28.4927
7.8 9885.78 -28.8598
7.9 9882.86 -29.2267
8 9879.9 -29.5936
8.1 9876.9 -29.9603
8.2 9873.87 -30.3269
8.3 9870.8 -30.6934
8.4 9867.69 -31.0598
8.5 9864.55 -31.426
8.6 9861.37 -31.7921
8.7 9858.16 -32.1581
8.8 9854.9 -32.524
8.9 9851.61 -32.8897
9 9848.29 -33.2553
9.1 9844.93 -33.6208
9.2 9841.53 -33.9861
9.3 9838.09 -34.3513
9.4 9834.62 -34.7164
9.5 9831.11 -35.0813
9.6 9827.57 -35.4461
9.7 9823.99 -35.8107
9.8 9820.37 -36.1752
9.9 9816.72 -36.5396
10 9813.03 -36.9038
10.1 9809.3 -37.2678
10.2 9805.54 -37.6318
10.3 9801.74 -37.9955
10.4 9797.9 -38.3591
10.5 9794.03 -38.7226
10.6 9790.12 -39.0859
10.7 9786.17 -39.449
10.8 9782.19 -39.812
10.9 9778.18 -40.1748
11 9774.12 -40.5374
11.1 9770.03 -40.8999
11.2 9765.91 -41.2623
11.3 9761.74 -41.6244
11.4 9757.54 -41.9864
11.5 9753.31 -42.3483
11.6 9749.04 -42.7099
11.7 9744.73 -43.0714
11.8 9740.39 -43.4327
11.9 9736.01 -43.7938
12 9731.59 -44.1548
12.1 9727.14 -44.5156
12.2 9722.65 -44.8762
12.3 9718.13 -45.2366
12.4 9713.57 -45.5968
12.5 9708.97 -45.9569
12.6 9704.34 -46.3167
12.7 9699.68 -46.6764
12.8 9694.97 -47.0359
12.9 9690.23 -47.3952
13 9685.46 -47.7543
13.1 9680.65 -48.1132
13.2 9675.8 -48.4719
13.3 9670.92 -48.8305
13.4 9666 -49.1888
13.5 9661.04 -49.5469
13.6 9656.05 -49.9048
13.7 9651.03 -50.2626
13.8 9645.96 -50.6201
13.9 9640.87 -50.9774
14 9635.73 -51.3345
14.1 9630.56 -51.6914
14.2 9625.36 -52.0481
14.3 9620.12 -52.4045
14.4 9614.84 -52.7608
14.5 9609.53 -53.1168
14.6 9604.18 -53.4727
14.7 9598.8 -53.8283
14.8 9593.38 -54.1837
14.9 9587.93 -54.5388
15 9582.44 -54.8938
15.1 9576.91 -55.2485
15.2 9571.35 -55.603
15.3 9565.76 -55.9573
15.4 9560.13 -56.3113
15.5 9554.46 -56.6651
15.6 9548.76 -57.0187
15.7 9543.02 -57.372
15.8 9537.25 -57.7252
15.9 9531.44 -58.078
16 9525.6 -58.4307
16.1 9519.72 -58.7831
16.2 9513.81 -59.1352
16.3 9507.86 -59.4871
16.4 9501.87 -59.8388
16.5 9495.85 -60.1902
16.6 9489.8 -60.5414
16.7 9483.71 -60.8923
16.8 9477.59 -61.243
16.9 9471.43 -61.5934
17 9465.23 -61.9436
17.1 9459 -62.2935
17.2 9452.74 -62.6432
17.3 9446.44 -62.9926
17.4 9440.11 -63.3417
17.5 9433.74 -63.6906
17.6 9427.33 -64.0392
17.7 9420.89 -64.3876
17.8 9414.42 -64.7356
17.9 9407.91 -65.0835
18 9401.37 -65.431
18.1 9394.79 -65.7783
18.2 9388.18 -66.1253
18.3 9381.53 -66.472
18.4 9374.85 -66.8185
18.5 9368.13 -67.1647
18.6 9361.38 -67.5106
18.7 9354.6 -67.8562
18.8 9347.78 -68.2016
18.9 9340.92 -68.5466
19 9334.03 -68.8914
19.1 9327.11 -69.2359
19.2 9320.15 -69.5801
19.3 9313.16 -69.924
19.4 9306.13 -70.2676
19.5 9299.07 -70.6109
19.6 9291.97 -70.954
19.7 9284.84 -71.2967
19.8 9277.68 -71.6392
19.9 9270.48 -71.9813
20 9263.25 -72.3232
20.1 9255.98 -72.6647
20.2 9248.68 -73.0059
20.3 9241.35 -73.3469
20.4 9233.98 -73.6875
20.5 9226.58 -74.0278
20.6 9219.14 -74.3678
20.7 9211.67 -74.7075
20.8 9204.17 -75.0469
20.9 9196.63 -75.386
21 9189.05 -75.7247
21.1 9181.45 -76.0632
21.2 9173.81 -76.4013
21.3 9166.13 -76.7391
21.4 9158.43 -77.0766
21.5 9150.68 -77.4137
21.6 9142.91 -77.7506
21.7 9135.1 -78.0871
21.8 9127.26 -78.4232
21.9 9119.38 -78.7591
22 9111.47 -79.0946
22.1 9103.53 -79.4298
22.2 9095.55 -79.7646
22.3 9087.54 -80.0991
22.4 9079.5 -80.4333
22.5 9071.42 -80.7671
22.6 9063.31 -81.1006
22.7 9055.17 -81.4337
22.8 9046.99 -81.7665
22.9 9038.78 -82.099
23 9030.54 -82.4311
23.1 9022.26 -82.7629
23.2 9013.95 -83.0943
23.3 9005.61 -83.4253
23.4 8997.24 -83.756
23.5 8988.83 -84.0864
23.6 8980.39 -84.4164
23.7 8971.91 -84.746
23.8 8963.4 -85.0753
23.9 8954.86 -85.4042
24 8946.29 -85.7328
24.1 8937.68 -86.0609
24.2 8929.05 -86.3888
24.3 8920.37 -86.7162
24.4 8911.67 -87.0433
24.5 8902.93 -87.37
24.6 8894.16 -87.6963
24.7 8885.36 -88.0223
24.8 8876.53 -88.3479
24.9 8867.66 -88.6731
25 8858.76 -88.9979
25.1 8849.83 -89.3224
25.2 8840.86 -89.6465
25.3 8831.87 -89.9701
25.4 8822.84 -90.2934
25.5 8813.77 -90.6164
25.6 8804.68 -90.9389
25.7 8795.55 -91.261
25.8 8786.4 -91.5828
25.9 8777.21 -91.9041
26 8767.98 -92.2251
26.1 8758.73 -92.5456
26.2 8749.44 -92.8658
26.3 8740.12 -93.1856
26.4 8730.77 -93.5049
26.5 8721.39 -93.8239
26.6 8711.98 -94.1424
26.7 8702.53 -94.4606
26.8 8693.05 -94.7783
26.9 8683.54 -95.0957
27 8674 -95.4126
27.1 8664.43 -95.7291
27.2 8654.82 -96.0452
27.3 8645.19 -96.3609
27.4 8635.52 -96.6762
27.5 8625.82 -96.991
27.6 8616.09 -97.3054
27.7 8606.33 -97.6195
27.8 8596.54 -97.933
27.9 8586.71 -98.2462
28 8576.85 -98.5589
28.1 8566.97 -98.8712
28.2 8557.05 -99.1831
28.3 8547.1 -99.4946
28.4 8537.12 -99.8056
28.5 8527.11 -100.116
28.6 8517.07 -100.426
28.7 8506.99 -100.736
28.8 8496.89 -101.045
28.9 8486.75 -101.354
29 8476.59 -101.663
29.1 8466.39 -101.97
29.2 8456.16 -102.278
29.3 8445.9 -102.585
29.4 8435.61 -102.892
29.5 8425.29 -103.198
29.6 8414.94 -103.503
29.7 8404.56 -103.809
29.8 8394.15 -104.114
29.9 8383.71 -104.418
30 8373.24 -104.722
30.1 8362.73 -105.025
30.2 8352.2 -105.328
30.3 8341.64 -105.631
30.4 8331.04 -105.933
30.5 8320.42 -106.234
30.6 8309.77 -106.535
30.7 8299.08 -106.836
30.8 8288.37 -107.136
30.9 8277.63 -107.436
31 8266.85 -107.735
31.1 8256.05 -108.034
31.2 8245.22 -108.332
31.3 8234.35 -108.63
31.4 8223.46 -108.927
31.5 8212.54 -109.224
31.6 8201.59 -109.521
31.7 8190.61 -109.816
31.8 8179.59 -110.112
31.9 8168.55 -110.407
32 8157.48 -110.701
32.1 8146.38 -110.995
32.2 8135.25 -111.288
32.3 8124.1 -111.581
32.4 8112.91 -111.874
32.5 8101.69 -112.166
32.6 8090.45 -112.457
32.7 8079.17 -112.748
32.8 8067.87 -113.039
32.9 8056.54 -113.329
33 8045.17 -113.618
33.1 8033.78 -113.907
33.2 8022.36 -114.196
33.3 8010.91 -114.483
33.4 7999.44 -114.771
33.5 7987.93 -115.058
33.6 7976.4 -115.344
33.7 7964.83 -115.63
33.8 7953.24 -115.915
33.9 7941.62 -116.2
34 7929.97 -116.485
34.1 7918.3 -116.768
34.2 7906.59 -117.052
34.3 7894.86 -117.335
34.4 7883.1 -117.617
34.5 7871.31 -117.898
34.6 7859.49 -118.18
34.7 7847.64 -118.46
34.8 7835.77 -118.74
34.9 7823.87 -119.02
35 7811.94 -119.299
35.1 7799.98 -119.578
35.2 7787.99 -119.856
35.3 7775.98 -120.133
35.4 7763.94 -120.41
35.5 7751.87 -120.686
35.6 7739.78 -120.962
35.7 7727.65 -121.238
35.8 7715.5 -121.512
35.9 7703.32 -121.787
36 7691.12 -122.06
36.1 7678.88 -122.333
36.2 7666.62 -122.606
36.3 7654.33 -122.878
36.4 7642.02 -123.149
36.5 7629.68 -123.42
36.6 7617.31 -123.691
36.7 7604.91 -123.96
36.8 7592.49 -124.23
36.9 7580.04 -124.498
37 7567.56 -124.766
37.1 7555.06 -125.034
37.2 7542.53 -125.301
37.3 7529.97 -125.567
37.4 7517.39 -125.833
37.5 7504.78 -126.098
37.6 7492.14 -126.363
37.7 7479.48 -126.627
37.8 7466.79 -126.891
37.9 7454.08 -127.154
38 7441.33 -127.416
38.1 7428.57 -127.678
38.2 7415.77 -127.939
38.3 7402.95 -128.2
38.4 7390.11 -128.46
38.5 7377.23 -128.719
38.6 7364.34 -128.978
38.7 7351.41 -129.237
38.8 7338.46 -129.494
38.9 7325.49 -129.752
39 7312.49 -130.008
39.1 7299.46 -130.264
39.2 7286.41 -130.52
39.3 7273.33 -130.774
39.4 7260.23 -131.029
39.5 7247.1 -131.282
39.6 7233.95 -131.535
39.7 7220.77 -131.787
39.8 7207.56 -132.039
39.9 7194.34 -132.29
40 7181.08 -132.541
40.1 7167.8 -132.791
40.2 7154.5 -133.04
40.3 7141.17 -133.289
40.4 7127.82 -133.537
40.5 7114.44 -133.785
40.6 7101.03 -134.032
40.7 7087.61 -134.278
40.8 7074.15 -134.524
40.9 7060.68 -134.769
41 7047.17 -135.013
41.1 7033.65 -135.257
41.2 7020.1 -135.501
41.3 7006.52 -135.743
41.4 6992.93 -135.985
41.5 6979.3 -136.227
41.6 6965.66 -136.467
41.7 6951.99 -136.707
41.8 6938.29 -136.947
41.9 6924.57 -137.186
42 6910.83 -137.424
42.1 6897.06 -137.662
42.2 6883.27 -137.899
42.3 6869.46 -138.135
42.4 6855.62 -138.371
42.5 6841.76 -138.606
42.6 6827.88 -138.84
42.7 6813.97 -139.074
42.8 6800.04 -139.307
42.9 6786.09 -139.54
43 6772.11 -139.772
43.1 6758.11 -140.003
43.2 6744.09 -140.234
43.3 6730.04 -140.463
43.4 6715.97 -140.693
43.5 6701.88 -140.921
43.6 6687.76 -141.149
43.7 6673.63 -141.377
43.8 6659.47 -141.604
43.9 6645.28 -141.83
44 6631.08 -142.055
44.1 6616.85 -142.28
44.2 6602.6 -142.504
44.3 6588.33 -142.727
44.4 6574.03 -142.95
44.5 6559.71 -143.172
44.6 6545.37 -143.394
44.7 6531.01 -143.614
44.8 6516.63 -143.835
44.9 6502.22 -144.054
45 6487.8 -144.273
45.1 6473.35 -144.491
45.2 6458.88 -144.709
45.3 6444.38 -144.925
45.4 6429.87 -145.142
45.5 6415.33 -145.357
45.6 6400.78 -145.572
45.7 6386.2 -145.786
45.8 6371.6 -145.999
45.9 6356.98 -146.212
46 6342.34 -146.424
46.1 6327.67 -146.636
46.2 6312.99 -146.847
46.3 6298.28 -147.057
46.4 6283.55 -147.266
46.5 6268.81 -147.475
46.6 6254.04 -147.683
46.7 6239.25 -147.89
46.8 6224.44 -148.097
46.9 6209.61 -148.303
47 6194.76 -148.508
47.1 6179.89 -148.713
47.2 6165 -148.917
47.3 6150.08 -149.12
47.4 6135.15 -149.323
47.5 6120.2 -149.524
47.6 6105.23 -149.726
47.7 6090.23 -149.926
47.8 6075.22 -150.126
47.9 6060.19 -150.325
48 6045.14 -150.523
48.1 6030.06 -150.721
48.2 6014.97 -150.918
48.3 5999.86 -151.114
48.4 5984.73 -151.31
48.5 5969.58 -151.505
48.6 5954.41 -151.699
48.7 5939.22 -151.893
48.8 5924.01 -152.086
48.9 5908.78 -152.278
49 5893.54 -152.469
49.1 5878.27 -152.66
49.2 5862.99 -152.85
49.3 5847.68 -153.039
49.4 5832.36 -153.228
49.5 5817.02 -153.416
49.6 5801.66 -153.603
49.7 5786.28 -153.789
49.8 5770.88 -153.975
49.9 5755.47 -154.16
50 5740.03 -154.345
50.1 5724.58 -154.528
50.2 5709.11 -154.711
50.3 5693.62 -154.893
50.4 5678.11 -155.075
50.5 5662.58 -155.256
50.6 5647.04 -155.436
50.7 5631.48 -155.615
50.8 5615.9 -155.794
50.9 5600.3 -155.972
51 5584.69 -156.149
51.1 5569.06 -156.325
51.2 5553.41 -156.501
51.3 5537.74 -156.676
51.4 5522.05 -156.851
51.5 5506.35 -157.024
51.6 5490.63 -157.197
51.7 5474.89 -157.369
51.8 5459.14 -157.541
51.9 5443.37 -157.711
52 5427.58 -157.881
52.1 5411.78 -158.051
52.2 5395.95 -158.219
52.3 5380.11 -158.387
52.4 5364.26 -158.554
52.5 5348.39 -158.721
52.6 5332.5 -158.886
52.7 5316.59 -159.051
52.8 5300.67 -159.215
52.9 5284.73 -159.379
53 5268.78 -159.542
53.1 5252.81 -159.704
53.2 5236.82 -159.865
53.3 5220.82 -160.025
53.4 5204.8 -160.185
53.5 5188.77 -160.344
53.6 5172.72 -160.503
53.7 5156.65 -160.66
53.8 5140.57 -160.817
53.9 5124.47 -160.973
54 5108.36 -161.129
54.1 5092.23 -161.283
54.2 5076.09 -161.437
54.3 5059.93 -161.59
54.4 5043.75 -161.743
54.5 5027.56 -161.895
54.6 5011.36 -162.046
54.7 4995.14 -162.196
54.8 4978.91 -162.345
54.9 4962.66 -162.494
55 4946.39 -162.642
55.1 4930.11 -162.789
55.2 4913.82 -162.936
55.3 4897.51 -163.082
55.4 4881.19 -163.227
55.5 4864.85 -163.371
55.6 4848.5 -163.515
55.7 4832.13 -163.658
55.8 4815.75 -163.8
55.9 4799.36 -163.941
56 4782.95 -164.082
56.1 4766.53 -164.222
56.2 4750.09 -164.361
56.3 4733.64 -164.499
56.4 4717.18 -164.637
56.5 4700.7 -164.774
56.6 4684.21 -164.91
56.7 4667.71 -165.046
56.8 4651.19 -165.18
56.9 4634.66 -165.314
57 4618.11 -165.447
57.1 4601.56 -165.58
57.2 4584.98 -165.712
57.3 4568.4 -165.843
57.4 4551.8 -165.973
57.5 4535.19 -166.102
57.6 4518.57 -166.231
57.7 4501.93 -166.359
57.8 4485.28 -166.486
57.9 4468.62 -166.613
58 4451.95 -166.739
58.1 4435.26 -166.864
58.2 4418.56 -166.988
58.3 4401.85 -167.111
58.4 4385.13 -167.234
58.5 4368.39 -167.356
58.6 4351.65 -167.478
58.7 4334.89 -167.598
58.8 4318.11 -167.718
58.9 4301.33 -167.837
59 4284.54 -167.955
59.1 4267.73 -168.073
59.2 4250.91 -168.19
59.3 4234.08 -168.306
59.4 4217.24 -168.421
59.5 4200.38 -168.536
59.6 4183.52 -168.582
59.7 4166.7 -168.224
59.8 4149.92 -167.777
59.9 4133.19 -167.331
60 4116.5 -166.886
60.1 4099.86 -166.441
60.2 4083.26 -165.997
60.3 4066.7 -165.554
60.4 4050.19 -165.112
60.5 4033.73 -164.671
60.6 4017.3 -164.23
60.7 4000.92 -163.79
60.8 3984.59 -163.351
60.9 3968.3 -162.913
61 3952.05 -162.475
61.1 3935.85 -162.038
61.2 3919.69 -161.602
61.3 3903.57 -161.167
61.4 3887.5 -160.732
61.5 3871.47 -160.299
61.6 3855.48 -159.866
61.7 3839.54 -159.433
61.8 3823.64 -159.002
61.9 3807.78 -158.571
62 3791.96 -158.141
62.1 3776.19 -157.712
62.2 3760.46 -157.284
62.3 3744.78 -156.856
62.4 3729.14 -156.429
62.5 3713.54 -156.003
62.6 3697.98 -155.577
62.7 3682.46 -155.152
62.8 3666.99 -154.729
62.9 3651.56 -154.305
63 3636.17 -153.883
63.1 3620.83 -153.461
63.2 3605.52 -153.04
63.3 3590.26 -152.62
63.4 3575.04 -152.2
63.5 3559.86 -151.781
63.6 3544.72 -151.363
63.7 3529.63 -150.946
63.8 3514.58 -150.529
63.9 3499.57 -150.114
64 3484.6 -149.698
64.1 3469.67 -149.284
64.2 3454.78 -148.87
64.3 3439.93 -148.457
64.4 3425.13 -148.045
64.5 3410.37 -147.633
64.6 3395.64 -147.223
64.7 3380.96 -146.813
64.8 3366.32 -146.403
64.9 3351.72 -145.995
65 3337.16 -145.587
65.1 3322.65 -145.179
65.2 3308.17 -144.773
65.3 3293.73 -144.367
65.4 3279.34 -143.962
65.5 3264.98 -143.558
65.6 3250.67 -143.154
65.7 3236.39 -142.751
65.8 3222.16 -142.349
65.9 3207.96 -141.947
66 3193.81 -141.546
66.1 3179.69 -141.146
66.2 3165.62 -140.746
66.3 3151.58 -140.348
66.4 3137.59 -139.95
66.5 3123.63 -139.552
66.6 3109.72 -139.155
66.7 3095.84 -138.759
66.8 3082 -138.364
66.9 3068.21 -137.969
67 3054.45 -137.575
67.1 3040.73 -137.182
67.2 3027.05 -136.789
67.3 3013.41 -136.397
67.4 2999.81 -136.006
67.5 2986.25 -135.616
67.6 2972.73 -135.226
67.7 2959.24 -134.836
67.8 2945.8 -134.448
67.9 2932.39 -134.06
68 2919.03 -133.673
68.1 2905.7 -133.286
68.2 2892.41 -132.9
68.3 2879.16 -132.515
68.4 2865.94 -132.13
68.5 2852.77 -131.746
68.6 2839.63 -131.363
68.7 2826.53 -130.981
68.8 2813.47 -130.599
68.9 2800.45 -130.217
69 2787.47 -129.837
69.1 2774.52 -129.457
69.2 2761.62 -129.077
69.3 2748.75 -128.698
69.4 2735.91 -128.32
69.5 2723.12 -127.943
69.6 2710.36 -127.566
69.7 2697.64 -127.19
69.8 2684.96 -126.814
69.9 2672.32 -126.44
70 2659.71 -126.065
70.1 2647.14 -125.692
70.2 2634.61 -125.319
70.3 2622.12 -124.946
70.4 2609.66 -124.575
70.5 2597.24 -124.203
70.6 2584.86 -123.833
70.7 2572.51 -123.463
70.8 2560.2 -123.094
70.9 2547.93 -122.725
71 2535.69 -122.357
71.1 2523.49 -121.99
71.2 2511.33 -121.623
71.3 2499.2 -121.257
71.4 2487.12 -120.891
71.5 2475.06 -120.526
71.6 2463.05 -120.162
71.7 2451.07 -119.798
71.8 2439.12 -119.435
71.9 2427.22 -119.072
72 2415.35 -118.71
72.1 2403.51 -118.349
72.2 2391.71 -117.988
72.3 2379.95 -117.628
72.4 2368.22 -117.268
72.5 2356.53 -116.909
72.6 2344.88 -116.551
72.7 2333.26 -116.193
72.8 2321.67 -115.836
72.9 2310.12 -115.479
73 2298.61 -115.123
73.1 2287.14 -114.768
73.2 2275.69 -114.413
73.3 2264.29 -114.058
73.4 2252.92 -113.704
73.5 2241.58 -113.351
73.6 2230.28 -112.999
73.7 2219.02 -112.647
73.8 2207.79 -112.295
73.9 2196.59 -111.944
74 2185.44 -111.594
74.1 2174.31 -111.244
74.2 2163.22 -110.895
74.3 2152.17 -110.546
74.4 2141.15 -110.198
74.5 2130.16 -109.85
74.6 2119.21 -109.503
74.7 2108.3 -109.157
74.8 2097.42 -108.811
74.9 2086.57 -108.465
75 2075.76 -108.12
75.1 2064.98 -107.776
75.2 2054.24 -107.432
75.3 2043.53 -107.089
75.4 2032.85 -106.746
75.5 2022.21 -106.404
75.6 2011.61 -106.062
75.7 2001.03 -105.721
75.8 1990.5 -105.381
75.9 1979.99 -105.041
76 1969.52 -104.701
76.1 1959.09 -104.362
76.2 1948.68 -104.024
76.3 1938.31 -103.686
76.4 1927.98 -103.348
76.5 1917.68 -103.011
76.6 1907.41 -102.675
76.7 1897.18 -102.339
76.8 1886.98 -102.003
76.9 1876.81 -101.669
77 1866.68 -101.334
77.1 1856.58 -101
77.2 1846.51 -100.667
77.3 1836.48 -100.334
77.4 1826.48 -100.002
77.5 1816.51 -99.6698
77.6 1806.58 -99.3384
77.7 1796.67 -99.0075
77.8 1786.81 -98.6771
77.9 1776.97 -98.3472
78 1767.17 -98.0178
78.1 1757.4 -97.6889
78.2 1747.67 -97.3604
78.3 1737.96 -97.0325
78.4 1728.29 -96.705
78.5 1718.65 -96.378
78.6 1709.05 -96.0515
78.7 1699.48 -95.7254
78.8 1689.94 -95.3998
78.9 1680.43 -95.0747
79 1670.95 -94.7501
79.1 1661.51 -94.4259
79.2 1652.1 -94.1022
79.3 1642.72 -93.779
79.4 1633.38 -93.4562
79.5 1624.06 -93.1339
79.6 1614.78 -92.812
79.7 1605.53 -92.4906
79.8 1596.32 -92.1697
79.9 1587.13 -91.8492
80 1577.98 -91.5291
80.1 1568.86 -91.2095
80.2 1559.77 -90.8904
80.3 1550.71 -90.5717
80.4 1541.69 -90.2534
80.5 1532.69 -89.9356
80.6 1523.73 -89.6182
80.7 1514.8 -89.3013
80.8 1505.9 -88.9848
80.9 1497.04 -88.6687
81 1488.2 -88.3531
81.1 1479.4 -88.0379
81.2 1470.62 -87.7231
81.3 1461.88 -87.4088
81.4 1453.17 -87.0949
81.5 1444.5 -86.7814
81.6 1435.85 -86.4683
81.7 1427.23 -86.1556
81.8 1418.65 -85.8434
81.9 1410.1 -85.5316
82 1401.57 -85.2202
82.1 1393.08 -84.9092
82.2 1384.62 -84.5986
82.3 1376.19 -84.2884
82.4 1367.8 -83.9786
82.5 1359.43 -83.6693
82.6 1351.09 -83.3603
82.7 1342.79 -83.0517
82.8 1334.51 -82.7436
82.9 1326.27 -82.4358
83 1318.06 -82.1284
83.1 1309.88 -81.8215
83.2 1301.72 -81.5149
83.3 1293.6 -81.2087
83.4 1285.51 -80.9029
83.5 1277.45 -80.5975
83.6 1269.42 -80.2924
83.7 1261.42 -79.9878
83.8 1253.46 -79.6835
83.9 1245.52 -79.3796
84 1237.61 -79.0761
84.1 1229.73 -78.7729
84.2 1221.89 -78.4702
84.3 1214.07 -78.1678
84.4 1206.28 -77.8658
84.5 1198.53 -77.5641
84.6 1190.8 -77.2628
84.7 1183.1 -76.9619
84.8 1175.44 -76.6613
84.9 1167.8 -76.3611
85 1160.2 -76.0613
85.1 1152.62 -75.7618
85.2 1145.07 -75.4626
85.3 1137.56 -75.1638
85.4 1130.07 -74.8654
85.5 1122.61 -74.5673
85.6 1115.19 -74.2696
85.7 1107.79 -73.9722
85.8 1100.42 -73.6752
85.9 1093.08 -73.3784
86 1085.78 -73.0821
86.1 1078.5 -72.7861
86.2 1071.25 -72.4904
86.3 1064.03 -72.195
86.4 1056.84 -71.9
86.5 1049.68 -71.6053
86.6 1042.55 -71.3109
86.7 1035.45 -71.0169
86.8 1028.37 -70.7232
86.9 1021.33 -70.4298
87 1014.32 -70.1367
87.1 1007.33 -69.844
87.2 1000.38 -69.5516
87.3 993.451 -69.2595
87.4 986.554 -68.9677
87.5 979.687 -68.6762
87.6 972.848 -68.385
87.7 966.039 -68.0941
87.8 959.258 -67.8036
87.9 952.507 -67.5133
88 945.785 -67.2234
88.1 939.091 -66.9337
88.2 932.427 -66.6444
88.3 925.791 -66.3554
88.4 919.185 -66.0666
88.5 912.607 -65.7781
88.6 906.058 -65.49
88.7 899.538 -65.2021
88.8 893.046 -64.9145
88.9 886.583 -64.6272
89 880.149 -64.3402
89.1 873.744 -64.0535
89.2 867.367 -63.767
89.3 861.019 -63.4808
89.4 854.7 -63.1949
89.5 848.409 -62.9093
89.6 842.146 -62.624
89.7 835.913 -62.3389
89.8 829.707 -62.0541
89.9 823.53 -61.7696
90 817.382 -61.4853
90.1 811.262 -61.2013
90.2 805.17 -60.9176
90.3 799.106 -60.6341
90.4 793.071 -60.3509
90.5 787.065 -60.0679
90.6 781.086 -59.7852
90.7 775.136 -59.5028
90.8 769.214 -59.2206
90.9 763.32 -58.9386
91 757.454 -58.6569
91.1 751.617 -58.3755
91.2 745.807 -58.0943
91.3 740.026 -57.8133
91.4 734.273 -57.5326
91.5 728.547 -57.2521
91.6 722.85 -56.9718
91.7 717.181 -56.6918
91.8 711.54 -56.4121
91.9 705.927 -56.1325
92 700.341 -55.8532
92.1 694.784 -55.5741
92.2 689.254 -55.2953
92.3 683.753 -55.0166
92.4 678.279 -54.7382
92.5 672.833 -54.46
92.6 667.415 -54.182
92.7 662.024 -53.9043
92.8 656.661 -53.6267
92.9 651.327 -53.3494
93 646.019 -53.0723
93.1 640.74 -52.7954
93.2 635.488 -52.5187
93.3 630.264 -52.2422
93.4 625.067 -51.9659
93.5 619.898 -51.6898
93.6 614.757 -51.414
93.7 609.643 -51.1383
93.8 604.557 -50.8628
93.9 599.498 -50.5875
94 594.467 -50.3124
94.1 589.463 -50.0375
94.2 584.487 -49.7628
94.3 579.538 -49.4883
94.4 574.616 -49.2139
94.5 569.722 -48.9398
94.6 564.856 -48.6658
94.7 560.017 -48.392
94.8 555.205 -48.1184
94.9 550.42 -47.8449
95 545.663 -47.5717
95.1 540.933 -47.2986
95.2 536.231 -47.0257
95.3 531.555 -46.7529
95.4 526.907 -46.4803
95.5 522.287 -46.2079
95.6 517.693 -45.9357
95.7 513.127 -45.6636
95.8 508.587 -45.3917
95.9 504.075 -45.1199
96 499.591 -44.8483
96.1 495.133 -44.5768
96.2 490.702 -44.3055
96.3 486.299 -44.0344
96.4 481.923 -43.7634
96.5 477.573 -43.4925
96.6 473.251 -43.2218
96.7 468.956 -42.9512
96.8 464.688 -42.6808
96.9 460.447 -42.4105
97 456.233 -42.1404
97.1 452.046 -41.8704
97.2 447.886 -41.6005
97.3 443.753 -41.3308
97.4 439.647 -41.0611
97.5 435.567 -40.7917
97.6 431.515 -40.5223
97.7 427.49 -40.2531
97.8 423.492 -39.984
97.9 419.52 -39.715
98 415.575 -39.4461
98.1 411.658 -39.1774
98.2 407.767 -38.9088
98.3 403.903 -38.6402
98.4 400.066 -38.3718
98.5 396.255 -38.1035
98.6 392.472 -37.8354
98.7 388.715 -37.5673
98.8 384.985 -37.2993
98.9 381.282 -37.0314
99 377.606 -36.7637
99.1 373.956 -36.496
99.2 370.333 -36.2284
99.3 366.737 -35.9609
99.4 363.168 -35.6936
99.5 359.625 -35.4263
99.6 356.109 -35.1591
99.7 352.62 -34.892
99.8 349.157 -34.6249
99.9 345.722 -34.358
100 342.313 -34.0911
100.1 338.93 -33.8243
100.2 335.574 -33.5576
100.3 332.245 -33.291
100.4 328.943 -33.0245
100.5 325.667 -32.758
100.6 322.418 -32.4916
100.7 319.195 -32.2252
100.8 315.999 -31.959
100.9 312.83 -31.6927
101 309.687 -31.4266
101.1 306.571 -31.1605
101.2 303.482 -30.8945
101.3 300.419 -30.6285
101.4 297.383 -30.3626
101.5 294.373 -30.0968
101.6 291.39 -29.831
101.7 288.434 -29.5652
101.8 285.504 -29.2995
101.9 282.6 -29.0339
102 279.723 -28.7682
102.1 276.873 -28.5027
102.2 274.049 -28.2371
102.3 271.252 -27.9716
102.4 268.482 -27.7062
102.5 265.738 -27.4408
102.6 263.02 -27.1754
102.7 260.329 -26.91
102.8 257.665 -26.6447
102.9 255.027 -26.3794
103 252.415 -26.1141
103.1 249.83 -25.8488
103.2 247.272 -25.5836
103.3 244.74 -25.3184
103.4 242.235 -25.0532
103.5 239.756 -24.788
103.6 237.304 -24.5228
103.7 234.878 -24.2577
103.8 232.479 -23.9925
103.9 230.106 -23.7274
104 227.76 -23.4622
104.1 225.44 -23.1971
104.2 223.147 -22.9319
104.3 220.88 -22.6668
104.4 218.64 -22.4017
104.5 216.426 -22.1365
104.6 214.239 -21.8714
104.7 212.079 -21.6062
104.8 209.944 -21.341
104.9 207.837 -21.0759
105 205.756 -20.8107
105.1 203.701 -20.5454
105.2 201.673 -20.2802
105.3 199.672 -20.015
105.4 197.697 -19.7497
105.5 195.748 -19.4844
105.6 193.826 -19.2191
105.7 191.931 -18.9537
105.8 190.062 -18.6883
105.9 188.22 -18.4229
106 186.404 -18.1574
106.1 184.615 -17.8919
106.2 182.852 -17.6264
106.3 181.116 -17.3608
106.4 179.407 -17.0952
106.5 177.724 -16.8296
106.6 176.067 -16.5638
106.7 174.438 -16.2981
106.8 172.834 -16.0323
106.9 171.258 -15.7664
107 169.708 -15.5005
107.1 168.184 -15.2345
107.2 166.687 -14.9685
107.3 165.217 -14.7024
107.4 163.774 -14.4362
107.5 162.357 -14.17
107.6 160.966 -13.9037
107.7 159.602 -13.6373
107.8 158.265 -13.3709
107.9 156.955 -13.1044
108 155.671 -12.8378
108.1 154.414 -12.5711
108.2 153.184 -12.3044
108.3 151.98 -12.0376
108.4 150.803 -11.7707
108.5 149.652 -11.5037
108.6 148.529 -11.2366
108.7 147.432 -10.9694
108.8 146.362 -10.7021
108.9 145.318 -10.4347
109 144.301 -10.1673
109.1 143.311 -9.89969
109.2 142.348 -9.63202
109.3 141.412 -9.36425
109.4 140.502 -9.09637
109.5 139.619 -8.82837
109.6 138.763 -8.56027
109.7 137.934 -8.29206
109.8 137.132 -8.02373
109.9 136.356 -7.75528
110 135.608 -7.48671
110.1 134.886 -7.21803
110.2 134.191 -6.94921
110.3 133.523 -6.68027
110.4 132.878 -6.45015
110.5 132.243 -6.35115
110.6 131.613 -6.29935
110.7 130.986 -6.26457
110.8 130.363 -6.23597
110.9 129.742 -6.20965
111 129.123 -6.18422
111.1 128.507 -6.15917
111.2 127.894 -6.13432
111.3 127.283 -6.1096
111.4 126.674 -6.085
111.5 126.068 -6.0605
111.6 125.465 -6.0361
111.7 124.864 -6.0118
111.8 124.265 -5.98759
111.9 123.669 -5.96349
112 123.075 -5.93948
112.1 122.483 -5.91556
112.2 121.894 -5.89175
112.3 121.307 -5.86802
112.4 120.723 -5.8444
112.5 120.14 -5.82086
112.6 119.561 -5.79743
112.7 118.983 -5.77408
112.8 118.408 -5.75083
112.9 117.835 -5.72768
113 117.265 -5.70461
113.1 116.697 -5.68164
113.2 116.131 -5.65876
113.3 115.567 -5.63597
113.4 115.006 -5.61328
113.5 114.447 -5.59067
113.6 113.89 -5.56816
113.7 113.336 -5.54573
113.8 112.783 -5.5234
113.9 112.233 -5.50115
114 111.685 -5.479
114.1 111.14 -5.45693
114.2 110.596 -5.43495
114.3 110.055 -5.41306
114.4 109.516 -5.39126
114.5 108.979 -5.36954
114.6 108.444 -5.34792
114.7 107.911 -5.32638
114.8 107.381 -5.30492
114.9 106.852 -5.28355
115 106.326 -5.26227
115.1 105.802 -5.24107
115.2 105.28 -5.21996
115.3 104.76 -5.19893
115.4 104.242 -5.17799
115.5 103.727 -5.15713
115.6 103.213 -5.13635
115.7 102.701 -5.11566
115.8 102.192 -5.09505
115.9 101.685 -5.07453
116 101.179 -5.05408
116.1 100.676 -5.03372
116.2 100.174 -5.01344
116.3 99.6751 -4.99324
116.4 99.1778 -4.97312
116.5 98.6824 -4.95308
116.6 98.1891 -4.93313
116.7 97.6978 -4.91325
116.8 97.2085 -4.89345
116.9 96.7211 -4.87373
117 96.2357 -4.85409
117.1 95.7522 -4.83453
117.2 95.2707 -4.81505
117.3 94.7912 -4.79565
117.4 94.3135 -4.77632
117.5 93.8378 -4.75707
117.6 93.364 -4.7379
117.7 92.8921 -4.71881
117.8 92.4222 -4.69979
117.9 91.9541 -4.68085
118 91.4879 -4.66198
118.1 91.0236 -4.64319
118.2 90.5611 -4.62448
118.3 90.1005 -4.60584
118.4 89.6418 -4.58728
118.5 89.1849 -4.56879
118.6 88.7299 -4.55037
118.7 88.2767 -4.53203
118.8 87.8253 -4.51376
118.9 87.3758 -4.49556
119 86.928 -4.47744
119.1 86.4821 -4.45939
119.2 86.0379 -4.44142
119.3 85.5956 -4.42351
119.4 85.155 -4.40568
119.5 84.7162 -4.38792
119.6 84.2792 -4.37023
119.7 83.8439 -4.35261
119.8 83.4104 -4.33506
119.9 82.9787 -4.31758
120 82.5487 -4.30017
120.1 82.1204 -4.28283
120.2 81.6938 -4.26556
120.3 81.269 -4.24836
120.4 80.8459 -4.23123
120.5 80.4244 -4.21417
120.6 80.0047 -4.19718
120.7 79.5867 -4.18025
120.8 79.1704 -4.16339
120.9 78.7557 -4.14661
121 78.3427 -4.12988
121.1 77.9314 -4.11323
121.2 77.5217 -4.09664
121.3 77.1137 -4.08012
121.4 76.7073 -4.06366
121.5 76.3026 -4.04727
121.6 75.8995 -4.03095
121.7 75.4981 -4.01469
121.8 75.0982 -3.9985
121.9 74.7 -3.98237
122 74.3033 -3.9663
122.1 73.9083 -3.9503
122.2 73.5149 -3.93437
122.3 73.123 -3.9185
122.4 72.7327 -3.90269
122.5 72.3441 -3.88695
122.6 71.9569 -3.87127
122.7 71.5714 -3.85565
122.8 71.1874 -3.84009
122.9 70.8049 -3.8246
123 70.424 -3.80917
123.1 70.0446 -3.7938
123.2 69.6667 -3.77849
123.3 69.2904 -3.76325
123.4 68.9156 -3.74806
123.5 68.5423 -3.73294
123.6 68.1705 -3.71787
123.7 67.8002 -3.70287
123.8 67.4315 -3.68793
123.9 67.0642 -3.67305
124 66.6983 -3.65822
124.1 66.334 -3.64346
124.2 65.9711 -3.62876
124.3 65.6097 -3.61411
124.4 65.2497 -3.59952
124.5 64.8912 -3.585
124.6 64.5342 -3.57053
124.7 64.1786 -3.55611
124.8 63.8244 -3.54176
124.9 63.4717 -3.52746
125 63.1203 -3.51323
125.1 62.7704 -3.49904
125.2 62.4219 -3.48492
125.3 62.0749 -3.47085
125.4 61.7292 -3.45684
125.5 61.3849 -3.44288
125.6 61.042 -3.42898
125.7 60.7005 -3.41514
125.8 60.3603 -3.40135
125.9 60.0216 -3.38762
126 59.6842 -3.37394
126.1 59.3481 -3.36032
126.2 59.0135 -3.34675
126.3 58.6801 -3.33323
126.4 58.3482 -3.31978
126.5 58.0175 -3.30637
126.6 57.6882 -3.29302
126.7 57.3603 -3.27972
126.8 57.0336 -3.26647
126.9 56.7083 -3.25328
127 56.3843 -3.24014
127.1 56.0616 -3.22706
127.2 55.7402 -3.21402
127.3 55.4201 -3.20104
127.4 55.1012 -3.18811
127.5 54.7837 -3.17523
127.6 54.4675 -3.16241
127.7 54.1525 -3.14963
127.8 53.8388 -3.13691
127.9 53.5264 -3.12424
128 53.2152 -3.11162
128.1 52.9053 -3.09905
128.2 52.5967 -3.08653
128.3 52.2893 -3.07406
128.4 51.9831 -3.06164
128.5 51.6782 -3.04926
128.6 51.3745 -3.03694
128.7 51.072 -3.02467
128.8 50.7708 -3.01245
128.9 50.4708 -3.00028
129 50.1719 -2.98815
129.1 49.8743 -2.97608
129.2 49.5779 -2.96405
129.3 49.2827 -2.95207
129.4 48.9887 -2.94014
129.5 48.6959 -2.92826
129.6 48.4042 -2.91642
129.7 48.1138 -2.90464
129.8 47.8245 -2.8929
129.9 47.5364 -2.8812
130 47.2494 -2.86956
130.1 46.9636 -2.85796
130.2 46.679 -2.8464
130.3 46.3955 -2.8349
130.4 46.1131 -2.82343
130.5 45.8319 -2.81202
130.6 45.5519 -2.80065
130.7 45.2729 -2.78933
130.8 44.9951 -2.77805
130.9 44.7185 -2.76682
131 44.4429 -2.75563
131.1 44.1684 -2.74449
131.2 43.8951 -2.73339
131.3 43.6229 -2.72234
131.4 43.3517 -2.71133
131.5 43.0817 -2.70036
131.6 42.8128 -2.68944
131.7 42.5449 -2.67856
131.8 42.2781 -2.66773
131.9 42.0124 -2.65694
132 41.7478 -2.64619
132.1 41.4843 -2.63549
132.2 41.2218 -2.62483
132.3 40.9604 -2.61421
132.4 40.7 -2.60364
132.5 40.4407 -2.5931
132.6 40.1824 -2.58261
132.7 39.9252 -2.57216
132.8 39.669 -2.56176
132.9 39.4139 -2.55139
133 39.1598 -2.54107
133.1 38.9067 -2.53079
133.2 38.6547 -2.52055
133.3 38.4036 -2.51035
133.4 38.1536 -2.50019
133.5 37.9046 -2.49007
133.6 37.6566 -2.47999
133.7 37.4096 -2.46995
133.8 37.1636 -2.45996
133.9 36.9186 -2.45
134 36.6746 -2.44008
134.1 36.4316 -2.43021
134.2 36.1895 -2.42037
134.3 35.9485 -2.41057
134.4 35.7084 -2.40081
134.5 35.4693 -2.3911
134.6 35.2311 -2.38141
134.7 34.994 -2.37177
134.8 34.7578 -2.36217
134.9 34.5225 -2.35261
135 34.2882 -2.34308
135.1 34.0548 -2.33359
135.2 33.8224 -2.32414
135.3 33.5909 -2.31473
135.4 33.3604 -2.30536
135.5 33.1308 -2.29602
135.6 32.9021 -2.28672
135.7 32.6744 -2.27746
135.8 32.4476 -2.26824
135.9 32.2217 -2.25905
136 31.9967 -2.2499
136.1 31.7726 -2.24078
136.2 31.5494 -2.23171
136.3 31.3271 -2.22267
136.4 31.1058 -2.21366
136.5 30.8853 -2.20469
136.6 30.6657 -2.19576
136.7 30.4471 -2.18686
136.8 30.2293 -2.178
136.9 30.0123 -2.16918
137 29.7963 -2.16039
137.1 29.5811 -2.15163
137.2 29.3668 -2.14291
137.3 29.1534 -2.13423
137.4 28.9409 -2.12558
137.5 28.7292 -2.11696
137.6 28.5183 -2.10838
137.7 28.3083 -2.09984
137.8 28.0992 -2.09133
137.9 27.8909 -2.08285
138 27.6835 -2.0744
138.1 27.4769 -2.06599
138.2 27.2711 -2.05762
138.3 27.0662 -2.04928
138.4 26.8621 -2.04097
138.5 26.6588 -2.03269
138.6 26.4564 -2.02445
138.7 26.2548 -2.01624
138.8 26.054 -2.00806
138.9 25.854 -1.99992
139 25.6548 -1.99181
139.1 25.4564 -1.98373
139.2 25.2588 -1.97568
139.3 25.0621 -1.96767
139.4 24.8661 -1.95969
139.5 24.6709 -1.95174
139.6 24.4765 -1.94382
139.7 24.283 -1.93594
139.8 24.0901 -1.92808
139.9 23.8981 -1.92026
140 23.7069 -1.91247
140.1 23.5164 -1.90471
140.2 23.3267 -1.89698
140.3 23.1378 -1.88928
140.4 22.9496 -1.88161
140.5 22.7622 -1.87398
140.6 22.5756 -1.86637
140.7 22.3897 -1.8588
140.8 22.2046 -1.85125
140.9 22.0202 -1.84374
141 21.8366 -1.83625
141.1 21.6537 -1.8288
141.2 21.4716 -1.82137
141.3 21.2902 -1.81398
141.4 21.1095 -1.80661
141.5 20.9296 -1.79928
141.6 20.7504 -1.79197
141.7 20.5719 -1.7847
141.8 20.3942 -1.77745
141.9 20.2171 -1.77023
142 20.0408 -1.76304
142.1 19.8652 -1.75588
142.2 19.6904 -1.74875
142.3 19.5162 -1.74165
142.4 19.3427 -1.73457
142.5 19.17 -1.72752
142.6 18.9979 -1.72051
142.7 18.8266 -1.71352
142.8 18.6559 -1.70656
142.9 18.486 -1.69962
143 18.3167 -1.69272
143.1 18.1481 -1.68584
143.2 17.9802 -1.67899
143.3 17.813 -1.67216
143.4 17.6465 -1.66537
143.5 17.4806 -1.6586
143.6 17.3154 -1.65186
143.7 17.1509 -1.64514
143.8 16.9871 -1.63845
143.9 16.8239 -1.63179
144 16.6614 -1.62516
144.1 16.4995 -1.61855
144.2 16.3383 -1.61197
144.3 16.1778 -1.60542
144.4 16.0179 -1.59889
144.5 15.8586 -1.59239
144.6 15.7001 -1.58591
144.7 15.5421 -1.57946
144.8 15.3848 -1.57304
144.9 15.2281 -1.56664
145 15.0721 -1.56027
145.1 14.9167 -1.55392
145.2 14.762 -1.5476
145.3 14.6078 -1.5413
145.4 14.4543 -1.53503
145.5 14.3014 -1.52879
145.6 14.1492 -1.52257
145.7 13.9976 -1.51637
145.8 13.8465 -1.5102
145.9 13.6961 -1.50405
146 13.5463 -1.49793
146.1 13.3972 -1.49183
146.2 13.2486 -1.48576
146.3 13.1006 -1.47971
146.4 12.9532 -1.47369
146.5 12.8065 -1.46769
146.6 12.6603 -1.46172
146.7 12.5147 -1.45576
146.8 12.3697 -1.44984
146.9 12.2253 -1.44393
147 12.0815 -1.43805
147.1 11.9383 -1.4322
147.2 11.7957 -1.42636
147.3 11.6536 -1.42055
147.4 11.5122 -1.41477
147.5 11.3713 -1.409
147.6 11.2309 -1.40326
147.7 11.0912 -1.39755
147.8 10.952 -1.39185
147.9 10.8134 -1.38618
148 10.6753 -1.38053
148.1 10.5378 -1.37491
148.2 10.4009 -1.3693
148.3 10.2645 -1.36372
148.4 10.1287 -1.35816
148.5 9.99344 -1.35263
148.6 9.85873 -1.34711
148.7 9.72457 -1.34162
148.8 9.59095 -1.33615
148.9 9.45788 -1.33071
149 9.32535 -1.32528
149.1 9.19337 -1.31988
149.2 9.06192 -1.31449
149.3 8.931 -1.30913
149.4 8.80062 -1.30379
149.5 8.67078 -1.29848
149.6 8.54146 -1.29318
149.7 8.41267 -1.2879
149.8 8.2844 -1.28265
149.9 8.15666 -1.27742
150 8.02944 -1.2722
150.1 7.90274 -1.26701
150.2 7.77656 -1.26184
150.3 7.65089 -1.25669
150.4 7.52573 -1.25156
150.5 7.40108 -1.24646
150.6 7.27695 -1.24137
150.7 7.15332 -1.2363
150.8 7.03019 -1.23125
150.9 6.90757 -1.22623
151 6.78545 -1.22122
151.1 6.66382 -1.21623
151.2 6.5427 -1.21127
151.3 6.42206 -1.20632
151.4 6.30192 -1.20139
151.5 6.18228 -1.19649
151.6 6.06312 -1.1916
151.7 5.94444 -1.18673
151.8 5.82625 -1.18188
151.9 5.70855 -1.17706
152 5.59132 -1.17225
152.1 5.47458 -1.16746
152.2 5.35831 -1.16269
152.3 5.24252 -1.15793
152.4 5.1272 -1.1532
152.5 5.01235 -1.14849
152.6 4.89797 -1.14379
152.7 4.78406 -1.13912
152.8 4.67061 -1.13446
152.9 4.55763 -1.12982
153 4.44511 -1.1252
153.1 4.33305 -1.1206
153.2 4.22144 -1.11602
153.3 4.1103 -1.11145
153.4 3.99961 -1.10691
153.5 3.88937 -1.10238
153.6 3.77958 -1.09787
153.7 3.67025 -1.09338
153.8 3.56135 -1.08891
153.9 3.45291 -1.08445
154 3.34491 -1.08001
154.1 3.23735 -1.07559
154.2 3.13023 -1.07119
154.3 3.02355 -1.06681
154.4 2.91731 -1.06244
154.5 2.8115 -1.05809
154.6 2.70612 -1.05376
154.7 2.60118 -1.04944
154.8 2.49666 -1.04515
154.9 2.39257 -1.04087
155 2.28891 -1.0366
155.1 2.18568 -1.03236
155.2 2.08286 -1.02813
155.3 1.98047 -1.02392
155.4 1.8785 -1.01972
155.5 1.77695 -1.01555
155.6 1.67581 -1.01139
155.7 1.57508 -1.00724
155.8 1.47477 -1.00311
155.9 1.37487 -0.999002
156 1.27538 -0.994907
156.1 1.1763 -0.990829
156.2 1.07762 -0.986767
156.3 0.979349 -0.982721
156.4 0.88148 -0.978692
156.5 0.784012 -0.974679
156.6 0.686944 -0.970682
156.7 0.590274 -0.966701
156.8 0.494 -0.962736
