write1.3 9996.62 -4.8286
1.4 9996.1 -5.19994
1.5 9995.54 -5.57126
1.6 9994.95 -5.94256
1.7 9994.32 -6.31384
1.8 9993.65 -6.6851
1.9 9992.94 -7.05632
2 9992.2 -7.42753
2.1 9991.42 -7.7987
2.2 9990.6 -8.16984
2.3 9989.75 -8.54095
2.4 9988.86 -8.91203
2.5 9987.93 -9.28307
2.6 9986.96 -9.65408
2.7 9985.96 -10.025
2.8 9984.92 -10.396
2.9 9983.85 -10.7669
3 9982.73 -11.1377
3.1 9981.58 -11.5085
3.2 9980.39 -11.8793
3.3 9979.17 -12.25
3.4 9977.91 -12.6206
3.5 9976.61 -12.9913
3.6 9975.27 -13.3618
3.7 9973.9 -13.7323
3.8 9972.49 -14.1028
3.9 9971.04 -14.4732
4 9969.56 -14.8435
4.1 9968.03 -15.2138
4.2 9966.48 -15.584
4.3 9964.88 -15.9542
4.4 9963.25 -16.3243
4.5 9961.58 -16.6943
4.6 9959.87 -17.0643
4.7 9958.13 -17.4342
4.8 9956.35 -17.8041
4.9 9954.53 -18.1738
5 9952.68 -18.5435
5.1 9950.79 -18.9131
5.2 9948.86 -19.2827
5.3 9946.89 -19.6521
5.4 9944.89 -20.0215
5.5 9942.85 -20.3909
5.6 9940.77 -20.7601
5.7 9938.66 -21.1292
5.8 9936.51 -21.4983
5.9 9934.32 -21.8673
6 9932.1 -22.2362
6.1 9929.84 -22.605
6.2 9927.54 -22.9737
6.3 9925.21 -23.3423
6.4 9922.84 -23.7109
6.5 9920.43 -24.0793
6.6 9917.99 -24.4476
6.7 9915.5 -24.8159
6.8 9912.99 -25.184
6.9 9910.43 -25.5521
7 9907.84 -25.92
7.1 9905.21 -26.2879
7.2 9902.54 -26.6556
7.3 9899.84 -27.0232
7.4 9897.1 -27.3908
7.5 9894.33 -27.7582
7.6 9891.51 -28.1255
7.7 9888.66 -28.4927
7.8 9885.78 -28.8598
7.9 9882.86 -29.2267
8 9879.9 -29.5936
8.1 9876.9 -29.9603
8.2 9873.87 -30.3269
8.3 9870.8 -30.6934
8.4 9867.69 -31.0598
8.5 9864.55 -31.426
8.6 9861.37 -31.7921
8.7 9858.16 -32.1581
8.8 9854.9 -32.524
8.9 9851.61 -32.8897
9 9848.29 -33.2553
9.1 9844.93 -33.6208
9.2 9841.53 -33.9861
9.3 9838.09 -34.3513
9.4 9834.62 -34.7164
9.5 9831.11 -35.0813
9.6 9827.57 -35.4461
9.7 9823.99 -35.8107
9.8 9820.37 -36.1752
9.9 9816.72 -36.5396
10 9813.03 -36.9038
10.1 9809.3 -37.2678
10.2 9805.54 -37.6318
10.3 9801.74 -37.9955
10.4 9797.9 -38.3591
10.5 9794.03 -38.7226
10.6 9790.12 -39.0859
10.7 9786.17 -39.449
10.8 9782.19 -39.812
10.9 9778.18 -40.1748
11 9774.12 -40.5374
11.1 9770.03 -40.8999
11.2 9765.91 -41.2623
11.3 9761.74 -41.6244
11.4 9757.54 -41.9864
11.5 9753.31 -42.3483
11.6 9749.04 -42.7099
11.7 9744.73 -43.0714
11.8 9740.39 -43.4327
11.9 9736.01 -43.7938
12 9731.59 -44.1548
12.1 9727.14 -44.5156
12.2 9722.65 -44.8762
12.3 9718.13 -45.2366
12.4 9713.57 -45.5968
12.5 9708.97 -45.9569
12.6 9704.34 -46.3167
12.7 9699.68 -46.6764
12.8 9694.97 -47.0359
12.9 9690.23 -47.3952
13 9685.46 -47.7543
13.1 9680.65 -48.1132
13.2 9675.8 -48.4719
13.3 9670.92 -48.8305
13.4 9666 -49.1888
13.5 9661.04 -49.5469
13.6 9656.05 -49.9048
13.7 9651.03 -50.2626
13.8 9645.96 -50.6201
13.9 9640.87 -50.9774
14 9635.73 -51.3345
14.1 9630.56 -51.6914
14.2 9625.36 -52.0481
14.3 9620.12 -52.4045
14.4 9614.84 -52.7608
14.5 9609.53 -53.1168
14.6 9604.18 -53.4727
14.7 9598.8 -53.8283
14.8 9593.38 -54.1837
14.9 9587.93 -54.5388
15 9582.44 -54.8938
15.1 9576.91 -55.2485
15.2 9571.35 -55.603
15.3 9565.76 -55.9573
15.4 9560.13 -56.3113
15.5 9554.46 -56.6651
15.6 9548.76 -57.0187
15.7 9543.02 -57.372
15.8 9537.25 -57.7252
15.9 9531.44 -58.078
16 9525.6 -58.4307
16.1 9519.72 -58.7831
16.2 9513.81 -59.1352
16.3 9507.86 -59.4871
16.4 9501.87 -59.8388
16.5 9495.85 -60.1902
16.6 9489.8 -60.5414
16.7 9483.71 -60.8923
16.8 9477.59 -61.243
16.9 9471.43 -61.5934
17 9465.23 -61.9436
17.1 9459 -62.2935
17.2 9452.74 -62.6432
17.3 9446.44 -62.9926
17.4 9440.11 -63.3417
17.5 9433.74 -63.6906
17.6 9427.33 -64.0392
17.7 9420.89 -64.3876
17.8 9414.42 -64.7356
17.9 9407.91 -65.0835
18 9401.37 -65.431
18.1 9394.79 -65.7783
18.2 9388.18 -66.1253
18.3 9381.53 -66.472
18.4 9374.85 -66.8185
18.5 9368.13 -67.1647
18.6 9361.38 -67.5106
18.7 9354.6 -67.8562
18.8 9347.78 -68.2016
18.9 9340.92 -68.5466
19 9334.03 -68.8914
19.1 9327.11 -69.2359
19.2 9320.15 -69.5801
19.3 9313.16 -69.924
19.4 9306.13 -70.2676
19.5 9299.07 -70.6109
19.6 9291.97 -70.954
19.7 9284.84 -71.2967
19.8 9277.68 -71.6392
19.9 9270.48 -71.9813
20 9263.25 -72.3232
20.1 9255.98 -72.6647
20.2 9248.68 -73.0059
20.3 9241.35 -73.3469
20.4 9233.98 -73.6875
20.5 9226.58 -74.0278
20.6 9219.14 -74.3678
20.7 9211.67 -74.7075
20.8 9204.17 -75.0469
20.9 9196.63 -75.386
21 9189.05 -75.7247
21.1 9181.45 -76.0632
21.2 9173.81 -76.4013
21.3 9166.13 -76.7391
21.4 9158.43 -77.0766
21.5 9150.68 -77.4137
21.6 9142.91 -77.7506
21.7 9135.1 -78.0871
21.8 9127.26 -78.4232
21.9 9119.38 -78.7591
22 9111.47 -79.0946
22.1 9103.53 -79.4298
22.2 9095.55 -79.7646
22.3 9087.54 -80.0991
22.4 9079.5 -80.4333
22.5 9071.42 -80.7671
22.6 9063.31 -81.1006
22.7 9055.17 -81.4337
22.8 9046.99 -81.7665
22.9 9038.78 -82.099
23 9030.54 -82.4311
23.1 9022.26 -82.7629
23.2 9013.95 -83.0943
23.3 9005.61 -83.4253
23.4 8997.24 -83.756
23.5 8988.83 -84.0864
23.6 8980.39 -84.4164
23.7 8971.91 -84.746
23.8 8963.4 -85.0753
23.9 8954.86 -85.4042
24 8946.29 -85.7328
24.1 8937.68 -86.0609
24.2 8929.05 -86.3888
24.3 8920.37 -86.7162
24.4 8911.67 -87.0433
24.5 8902.93 -87.37
24.6 8894.16 -87.6963
24.7 8885.36 -88.0223
24.8 8876.53 -88.3479
24.9 8867.66 -88.6731
25 8858.76 -88.9979
25.1 8849.83 -89.3224
25.2 8840.86 -89.6465
25.3 8831.87 -89.9701
25.4 8822.84 -90.2934
25.5 8813.77 -90.6164
25.6 8804.68 -90.9389
25.7 8795.55 -91.261
25.8 8786.4 -91.5828
25.9 8777.21 -91.9041
26 8767.98 -92.2251
26.1 8758.73 -92.5456
26.2 8749.44 -92.8658
26.3 8740.12 -93.1856
26.4 8730.77 -93.5049
26.5 8721.39 -93.8239
26.6 8711.98 -94.1424
26.7 8702.53 -94.4606
26.8 8693.05 -94.7783
26.9 8683.54 -95.0957
27 8674 -95.4126
27.1 8664.43 -95.7291
27.2 8654.82 -96.0452
27.3 8645.19 -96.3609
27.4 8635.52 -96.6762
27.5 8625.82 -96.991
27.6 8616.09 -97.3054
27.7 8606.33 -97.6195
27.8 8596.54 -97.933
27.9 8586.71 -98.2462
28 8576.85 -98.5589
28.1 8566.97 -98.8712
28.2 8557.05 -99.1831
28.3 8547.1 -99.4946
28.4 8537.12 -99.8056
28.5 8527.11 -100.116
28.6 8517.07 -100.426
28.7 8506.99 -100.736
28.8 8496.89 -101.045
28.9 8486.75 -101.354
29 8476.59 -101.663
29.1 8466.39 -101.97
29.2 8456.16 -102.278
29.3 8445.9 -102.585
29.4 8435.61 -102.892
29.5 8425.29 -103.198
29.6 8414.94 -103.503
29.7 8404.56 -103.809
29.8 8394.15 -104.114
29.9 8383.71 -104.418
30 8373.24 -104.722
30.1 8362.73 -105.025
30.2 8352.2 -105.328
30.3 8341.64 -105.631
30.4 8331.04 -105.933
30.5 8320.42 -106.234
30.6 8309.77 -106.535
30.7 8299.08 -106.836
30.8 8288.37 -107.136
30.9 8277.63 -107.436
31 8266.85 -107.735
31.1 8256.05 -108.034
31.2 8245.22 -108.332
31.3 8234.35 -108.63
31.4 8223.46 -108.927
31.5 8212.54 -109.224
31.6 8201.59 -109.521
31.7 8190.61 -109.816
31.8 8179.59 -110.112
31.9 8168.55 -110.407
32 8157.48 -110.701
32.1 8146.38 -110.995
32.2 8135.25 -111.288
32.3 8124.1 -111.581
32.4 8112.91 -111.874
32.5 8101.69 -112.166
32.6 8090.45 -112.457
32.7 8079.17 -112.748
32.8 8067.87 -113.039
32.9 8056.54 -113.329
33 8045.17 -113.618
33.1 8033.78 -113.907
33.2 8022.36 -114.196
33.3 8010.91 -114.483
33.4 7999.44 -114.771
33.5 7987.93 -115.058
33.6 7976.4 -115.344
33.7 7964.83 -115.63
33.8 7953.24 -115.915
33.9 7941.62 -116.2
34 7929.97 -116.485
34.1 7918.3 -116.768
34.2 7906.59 -117.052
34.3 7894.86 -117.335
34.4 7883.1 -117.617
34.5 7871.31 -117.898
34.6 7859.49 -118.18
34.7 7847.64 -118.46
34.8 7835.77 -118.74
34.9 7823.87 -119.02
35 7811.94 -119.299
35.1 7799.98 -119.578
35.2 7787.99 -119.856
35.3 7775.98 -120.133
35.4 7763.94 -120.41
35.5 7751.87 -120.686
35.6 7739.78 -120.962
35.7 7727.65 -121.238
35.8 7715.5 -121.512
35.9 7703.32 -121.787
36 7691.12 -122.06
36.1 7678.88 -122.333
36.2 7666.62 -122.606
36.3 7654.33 -122.878
36.4 7642.02 -123.149
36.5 7629.68 -123.42
36.6 7617.31 -123.691
36.7 7604.91 -123.96
36.8 7592.49 -124.23
36.9 7580.04 -124.498
37 7567.56 -124.766
37.1 7555.06 -125.034
37.2 7542.53 -125.301
37.3 7529.97 -125.567
37.4 7517.39 -125.833
37.5 7504.78 -126.098
37.6 7492.14 -126.363
37.7 7479.48 -126.627
37.8 7466.79 -126.891
37.9 7454.08 -127.154
38 7441.34 -127.397
38.1 7428.6 -127.382
38.2 7415.87 -127.253
38.3 7403.16 -127.076
38.4 7390.48 -126.877
38.5 7377.81 -126.668
38.6 7365.16 -126.456
38.7 7352.54 -126.243
38.8 7339.94 -126.029
38.9 7327.36 -125.815
39 7314.8 -125.601
39.1 7302.26 -125.387
39.2 7289.74 -125.174
39.3 7277.24 -124.961
39.4 7264.77 -124.749
39.5 7252.32 -124.537
39.6 7239.88 -124.325
39.7 7227.47 -124.113
39.8 7215.08 -123.902
39.9 7202.71 -123.692
40 7190.36 -123.481
40.1 7178.04 -123.271
40.2 7165.73 -123.062
40.3 7153.45 -122.852
40.4 7141.18 -122.643
40.5 7128.94 -122.435
40.6 7116.71 -122.227
40.7 7104.51 -122.019
40.8 7092.33 -121.811
40.9 7080.17 -121.604
41 7068.03 -121.397
41.1 7055.91 -121.191
41.2 7043.81 -120.985
41.3 7031.74 -120.779
41.4 7019.68 -120.574
41.5 7007.64 -120.369
41.6 6995.63 -120.164
41.7 6983.63 -119.96
41.8 6971.65 -119.756
41.9 6959.7 -119.552
42 6947.76 -119.349
42.1 6935.85 -119.146
42.2 6923.95 -118.943
42.3 6912.08 -118.741
42.4 6900.23 -118.539
42.5 6888.39 -118.338
42.6 6876.58 -118.136
42.7 6864.79 -117.935
42.8 6853.01 -117.735
42.9 6841.26 -117.535
43 6829.53 -117.335
43.1 6817.81 -117.135
43.2 6806.12 -116.936
43.3 6794.44 -116.737
43.4 6782.79 -116.539
43.5 6771.16 -116.341
43.6 6759.54 -116.143
43.7 6747.95 -115.945
43.8 6736.37 -115.748
43.9 6724.82 -115.551
44 6713.28 -115.355
44.1 6701.77 -115.159
44.2 6690.27 -114.963
44.3 6678.79 -114.767
44.4 6667.34 -114.572
44.5 6655.9 -114.377
44.6 6644.48 -114.183
44.7 6633.08 -113.989
44.8 6621.7 -113.795
44.9 6610.34 -113.601
45 6599 -113.408
45.1 6587.68 -113.215
45.2 6576.38 -113.023
45.3 6565.09 -112.831
45.4 6553.83 -112.639
45.5 6542.59 -112.447
45.6 6531.36 -112.256
45.7 6520.15 -112.065
45.8 6508.97 -111.875
45.9 6497.8 -111.684
46 6486.65 -111.494
46.1 6475.52 -111.305
46.2 6464.41 -111.115
46.3 6453.31 -110.927
46.4 6442.24 -110.738
46.5 6431.18 -110.55
46.6 6420.15 -110.362
46.7 6409.13 -110.174
46.8 6398.13 -109.987
46.9 6387.15 -109.8
47 6376.19 -109.613
47.1 6365.25 -109.426
47.2 6354.32 -109.24
47.3 6343.42 -109.055
47.4 6332.53 -108.869
47.5 6321.66 -108.684
47.6 6310.81 -108.499
47.7 6299.98 -108.315
47.8 6289.17 -108.131
47.9 6278.37 -107.947
48 6267.6 -107.763
48.1 6256.84 -107.58
48.2 6246.1 -107.397
48.3 6235.38 -107.214
48.4 6224.68 -107.032
48.5 6213.99 -106.85
48.6 6203.32 -106.668
48.7 6192.68 -106.487
48.8 6182.04 -106.306
48.9 6171.43 -106.125
49 6160.84 -105.945
49.1 6150.26 -105.764
49.2 6139.7 -105.585
49.3 6129.16 -105.405
49.4 6118.64 -105.226
49.5 6108.14 -105.047
49.6 6097.65 -104.868
49.7 6087.18 -104.69
49.8 6076.73 -104.512
49.9 6066.29 -104.334
50 6055.88 -104.157
50.1 6045.48 -103.98
50.2 6035.1 -103.803
50.3 6024.74 -103.626
50.4 6014.39 -103.45
50.5 6004.07 -103.274
50.6 5993.76 -103.099
50.7 5983.46 -102.923
50.8 5973.19 -102.748
50.9 5962.93 -102.574
51 5952.69 -102.399
51.1 5942.47 -102.225
51.2 5932.26 -102.051
51.3 5922.08 -101.878
51.4 5911.91 -101.704
51.5 5901.75 -101.531
51.6 5891.62 -101.359
51.7 5881.5 -101.186
51.8 5871.4 -101.014
51.9 5861.31 -100.843
52 5851.25 -100.671
52.1 5841.2 -100.5
52.2 5831.16 -100.329
52.3 5821.15 -100.158
52.4 5811.15 -99.988
52.5 5801.17 -99.818
52.6 5791.2 -99.6483
52.7 5781.25 -99.4788
52.8 5771.32 -99.3096
52.9 5761.41 -99.1408
53 5751.51 -98.9722
53.1 5741.63 -98.8039
53.2 5731.77 -98.6359
53.3 5721.92 -98.4681
53.4 5712.09 -98.3007
53.5 5702.28 -98.1335
53.6 5692.48 -97.9666
53.7 5682.7 -97.8001
53.8 5672.94 -97.6337
53.9 5663.19 -97.4677
54 5653.46 -97.302
54.1 5643.75 -97.1365
54.2 5634.05 -96.9713
54.3 5624.37 -96.8064
54.4 5614.7 -96.6418
54.5 5605.06 -96.4775
54.6 5595.43 -96.3134
54.7 5585.81 -96.1496
54.8 5576.21 -95.9861
54.9 5566.63 -95.8229
55 5557.06 -95.6599
55.1 5547.51 -95.4973
55.2 5537.98 -95.3349
55.3 5528.46 -95.1727
55.4 5518.96 -95.0109
55.5 5509.48 -94.8493
55.6 5500.01 -94.688
55.7 5490.56 -94.527
55.8 5481.12 -94.3663
55.9 5471.7 -94.2058
56 5462.29 -94.0456
56.1 5452.9 -93.8857
56.2 5443.53 -93.726
56.3 5434.18 -93.5666
56.4 5424.83 -93.4075
56.5 5415.51 -93.2486
56.6 5406.2 -93.0901
56.7 5396.91 -92.9318
56.8 5387.63 -92.7737
56.9 5378.37 -92.616
57 5369.12 -92.4585
57.1 5359.89 -92.3012
57.2 5350.68 -92.1443
57.3 5341.48 -91.9876
57.4 5332.3 -91.8311
57.5 5323.13 -91.675
57.6 5313.98 -91.5191
57.7 5304.84 -91.3634
57.8 5295.72 -91.2081
57.9 5286.61 -91.053
58 5277.52 -90.8981
58.1 5268.45 -90.7435
58.2 5259.39 -90.5892
58.3 5250.35 -90.4352
58.4 5241.32 -90.2814
58.5 5232.31 -90.1278
58.6 5223.31 -89.9746
58.7 5214.33 -89.8216
58.8 5205.36 -89.6688
58.9 5196.41 -89.5163
59 5187.47 -89.3641
59.1 5178.55 -89.2121
59.2 5169.65 -89.0604
59.3 5160.75 -88.9089
59.4 5151.88 -88.7578
59.5 5143.02 -88.6068
59.6 5134.17 -88.4561
59.7 5125.34 -88.3057
59.8 5116.53 -88.1555
59.9 5107.73 -88.0056
60 5098.94 -87.8559
60.1 5090.17 -87.7065
60.2 5081.41 -87.5574
60.3 5072.67 -87.4085
60.4 5063.95 -87.2598
60.5 5055.24 -87.1114
60.6 5046.54 -86.9633
60.7 5037.86 -86.8154
60.8 5029.19 -86.6677
60.9 5020.54 -86.5204
61 5011.9 -86.3732
61.1 5003.28 -86.2263
61.2 4994.67 -86.0797
61.3 4986.08 -85.9333
61.4 4977.5 -85.7872
61.5 4968.94 -85.6413
61.6 4960.39 -85.4956
61.7 4951.85 -85.3502
61.8 4943.33 -85.2051
61.9 4934.82 -85.0602
62 4926.33 -84.9155
62.1 4917.86 -84.7711
62.2 4909.39 -84.6269
62.3 4900.94 -84.483
62.4 4892.51 -84.3393
62.5 4884.09 -84.1959
62.6 4875.69 -84.0527
62.7 4867.29 -83.9098
62.8 4858.92 -83.767
62.9 4850.56 -83.6246
63 4842.21 -83.4824
63.1 4833.87 -83.3404
63.2 4825.55 -83.1987
63.3 4817.25 -83.0572
63.4 4808.96 -82.9159
63.5 4800.68 -82.7749
63.6 4792.41 -82.6341
63.7 4784.17 -82.4936
63.8 4775.93 -82.3533
63.9 4767.71 -82.2132
64 4759.5 -82.0734
64.1 4751.31 -81.9338
64.2 4743.13 -81.7945
64.3 4734.96 -81.6554
64.4 4726.81 -81.5165
64.5 4718.67 -81.3779
64.6 4710.55 -81.2395
64.7 4702.44 -81.1013
64.8 4694.34 -80.9634
64.9 4686.26 -80.8257
65 4678.19 -80.6882
65.1 4670.14 -80.551
65.2 4662.1 -80.414
65.3 4654.07 -80.2772
65.4 4646.05 -80.1407
65.5 4638.05 -80.0044
65.6 4630.07 -79.8683
65.7 4622.09 -79.7325
65.8 4614.13 -79.5969
65.9 4606.19 -79.4615
66 4598.25 -79.3264
66.1 4590.34 -79.1914
66.2 4582.43 -79.0568
66.3 4574.54 -78.9223
66.4 4566.66 -78.7881
66.5 4558.79 -78.6541
66.6 4550.94 -78.5203
66.7 4543.1 -78.3868
66.8 4535.28 -78.2534
66.9 4527.47 -78.1203
67 4519.67 -77.9875
67.1 4511.88 -77.8548
67.2 4504.11 -77.7224
67.3 4496.35 -77.5902
67.4 4488.6 -77.4583
67.5 4480.87 -77.3265
67.6 4473.15 -77.195
67.7 4465.45 -77.0637
67.8 4457.75 -76.9326
67.9 4450.07 -76.8018
68 4442.4 -76.6712
68.1 4434.75 -76.5408
68.2 4427.11 -76.4106
68.3 4419.48 -76.2806
68.4 4411.87 -76.1509
68.5 4404.26 -76.0214
68.6 4396.68 -75.8921
68.7 4389.1 -75.763
68.8 4381.54 -75.6341
68.9 4373.99 -75.5055
69 4366.45 -75.3771
69.1 4358.92 -75.2489
69.2 4351.41 -75.1209
69.3 4343.91 -74.9931
69.4 4336.42 -74.8656
69.5 4328.95 -74.7382
69.6 4321.49 -74.6111
69.7 4314.04 -74.4842
69.8 4306.61 -74.3575
69.9 4299.18 -74.231
70 4291.77 -74.1048
70.1 4284.37 -73.9787
70.2 4276.99 -73.8529
70.3 4269.62 -73.7273
70.4 4262.26 -73.6019
70.5 4254.91 -73.4767
70.6 4247.57 -73.3517
70.7 4240.25 -73.227
70.8 4232.94 -73.1024
70.9 4225.64 -72.9781
71 4218.36 -72.8539
71.1 4211.08 -72.73
71.2 4203.82 -72.6063
71.3 4196.57 -72.4828
71.4 4189.34 -72.3595
71.5 4182.12 -72.2365
71.6 4174.9 -72.1136
71.7 4167.7 -71.9909
71.8 4160.52 -71.8685
71.9 4153.34 -71.7462
72 4146.18 -71.6242
72.1 4139.03 -71.5024
72.2 4131.89 -71.3807
72.3 4124.77 -71.2593
72.4 4117.65 -71.1381
72.5 4110.55 -71.0171
72.6 4103.46 -70.8963
72.7 4096.38 -70.7757
72.8 4089.32 -70.6553
72.9 4082.26 -70.5352
73 4075.22 -70.4152
73.1 4068.19 -70.2954
73.2 4061.18 -70.1758
73.3 4054.17 -70.0565
73.4 4047.18 -69.9373
73.5 4040.2 -69.8184
73.6 4033.23 -69.6996
73.7 4026.27 -69.581
73.8 4019.32 -69.4627
73.9 4012.39 -69.3445
74 4005.46 -69.2266
74.1 3998.55 -69.1088
74.2 3991.65 -68.9913
74.3 3984.77 -68.8739
74.4 3977.89 -68.7567
74.5 3971.03 -68.6398
74.6 3964.17 -68.523
74.7 3957.33 -68.4065
74.8 3950.5 -68.2901
74.9 3943.69 -68.1739
75 3936.88 -68.058
75.1 3930.09 -67.9422
75.2 3923.3 -67.8266
75.3 3916.53 -67.7113
75.4 3909.77 -67.5961
75.5 3903.03 -67.4811
75.6 3896.29 -67.3663
75.7 3889.56 -67.2517
75.8 3882.85 -67.1373
75.9 3876.15 -67.0231
76 3869.46 -66.9091
76.1 3862.78 -66.7953
76.2 3856.11 -66.6817
76.3 3849.45 -66.5682
76.4 3842.81 -66.455
76.5 3836.17 -66.3419
76.6 3829.55 -66.2291
76.7 3822.94 -66.1164
76.8 3816.34 -66.004
76.9 3809.75 -65.8917
77 3803.17 -65.7796
77.1 3796.6 -65.6677
77.2 3790.05 -65.556
77.3 3783.5 -65.4445
77.4 3776.97 -65.3331
77.5 3770.45 -65.222
77.6 3763.94 -65.1111
77.7 3757.44 -65.0003
77.8 3750.95 -64.8897
77.9 3744.47 -64.7793
78 3738 -64.6691
78.1 3731.55 -64.5591
78.2 3725.1 -64.4493
78.3 3718.67 -64.3397
78.4 3712.25 -64.2302
78.5 3705.83 -64.1209
78.6 3699.43 -64.0119
78.7 3693.04 -63.903
78.8 3686.66 -63.7943
78.9 3680.29 -63.6857
79 3673.94 -63.5774
79.1 3667.59 -63.4692
79.2 3661.25 -63.3613
79.3 3654.93 -63.2535
79.4 3648.61 -63.1459
79.5 3642.31 -63.0384
79.6 3636.02 -62.9312
79.7 3629.73 -62.8241
79.8 3623.46 -62.7173
79.9 3617.2 -62.6106
80 3610.95 -62.5041
80.1 3604.71 -62.3977
80.2 3598.48 -62.2916
80.3 3592.26 -62.1856
80.4 3586.06 -62.0798
80.5 3579.86 -61.9742
80.6 3573.67 -61.8688
80.7 3567.49 -61.7635
80.8 3561.33 -61.6584
80.9 3555.17 -61.5535
81 3549.03 -61.4488
81.1 3542.89 -61.3443
81.2 3536.77 -61.2399
81.3 3530.66 -61.1357
81.4 3524.55 -61.0317
81.5 3518.46 -60.9279
81.6 3512.38 -60.8242
81.7 3506.31 -60.7207
81.8 3500.24 -60.6174
81.9 3494.19 -60.5143
82 3488.15 -60.4114
82.1 3482.12 -60.3086
82.2 3476.1 -60.206
82.3 3470.09 -60.1036
82.4 3464.09 -60.0013
82.5 3458.1 -59.8992
82.6 3452.12 -59.7973
82.7 3446.15 -59.6956
82.8 3440.19 -59.594
82.9 3434.24 -59.4926
83 3428.3 -59.3914
83.1 3422.37 -59.2904
83.2 3416.45 -59.1895
83.3 3410.55 -59.0888
83.4 3404.65 -58.9883
83.5 3398.76 -58.8879
83.6 3392.88 -58.7877
83.7 3387.01 -58.6877
83.8 3381.15 -58.5878
83.9 3375.3 -58.4882
84 3369.46 -58.3886
84.1 3363.64 -58.2893
84.2 3357.82 -58.1901
84.3 3352.01 -58.0911
84.4 3346.21 -57.9923
84.5 3340.42 -57.8936
84.6 3334.64 -57.7951
84.7 3328.87 -57.6968
84.8 3323.11 -57.5986
84.9 3317.36 -57.5006
85 3311.62 -57.4028
85.1 3305.89 -57.3051
85.2 3300.17 -57.2076
85.3 3294.46 -57.1103
85.4 3288.76 -57.0131
85.5 3283.06 -56.9161
85.6 3277.38 -56.8193
85.7 3271.71 -56.7226
85.8 3266.05 -56.6261
85.9 3260.39 -56.5297
86 3254.75 -56.4336
86.1 3249.12 -56.3375
86.2 3243.49 -56.2417
86.3 3237.88 -56.146
86.4 3232.27 -56.0505
86.5 3226.68 -55.9551
86.6 3221.09 -55.8599
86.7 3215.52 -55.7648
86.8 3209.95 -55.67
86.9 3204.39 -55.5752
87 3198.84 -55.4807
87.1 3193.3 -55.3863
87.2 3187.77 -55.292
87.3 3182.26 -55.198
87.4 3176.74 -55.104
87.5 3171.24 -55.0103
87.6 3165.75 -54.9167
87.7 3160.27 -54.8232
87.8 3154.8 -54.7299
87.9 3149.33 -54.6368
88 3143.88 -54.5439
88.1 3138.43 -54.451
88.2 3133 -54.3584
88.3 3127.57 -54.2659
88.4 3122.15 -54.1736
88.5 3116.75 -54.0814
88.6 3111.35 -53.9894
88.7 3105.96 -53.8975
88.8 3100.58 -53.8058
88.9 3095.2 -53.7142
89 3089.84 -53.6228
89.1 3084.49 -53.5316
89.2 3079.15 -53.4405
89.3 3073.81 -53.3496
89.4 3068.48 -53.2588
89.5 3063.17 -53.1681
89.6 3057.86 -53.0777
89.7 3052.56 -52.9874
89.8 3047.27 -52.8972
89.9 3041.99 -52.8072
90 3036.72 -52.7173
90.1 3031.46 -52.6276
90.2 3026.2 -52.5381
90.3 3020.96 -52.4487
90.4 3015.72 -52.3594
90.5 3010.49 -52.2703
90.6 3005.28 -52.1814
90.7 3000.07 -52.0926
90.8 2994.87 -52.0039
90.9 2989.68 -51.9154
91 2984.49 -51.8271
91.1 2979.32 -51.7389
91.2 2974.15 -51.6509
91.3 2969 -51.563
91.4 2963.85 -51.4752
91.5 2958.71 -51.3876
91.6 2953.58 -51.3002
91.7 2948.46 -51.2129
91.8 2943.35 -51.1257
91.9 2938.24 -51.0387
92 2933.15 -50.9519
92.1 2928.06 -50.8652
92.2 2922.98 -50.7786
92.3 2917.91 -50.6922
92.4 2912.85 -50.6059
92.5 2907.8 -50.5198
92.6 2902.76 -50.4338
92.7 2897.72 -50.348
92.8 2892.7 -50.2623
92.9 2887.68 -50.1768
93 2882.67 -50.0914
93.1 2877.67 -50.0062
93.2 2872.68 -49.9211
93.3 2867.69 -49.8361
93.4 2862.72 -49.7513
93.5 2857.75 -49.6666
93.6 2852.79 -49.5821
93.7 2847.84 -49.4977
93.8 2842.9 -49.4135
93.9 2837.97 -49.3294
94 2833.05 -49.2454
94.1 2828.13 -49.1616
94.2 2823.22 -49.078
94.3 2818.32 -48.9944
94.4 2813.43 -48.9111
94.5 2808.55 -48.8278
94.6 2803.67 -48.7447
94.7 2798.81 -48.6618
94.8 2793.95 -48.579
94.9 2789.1 -48.4963
95 2784.26 -48.4137
95.1 2779.43 -48.3314
95.2 2774.6 -48.2491
95.3 2769.78 -48.167
95.4 2764.98 -48.085
95.5 2760.18 -48.0032
95.6 2755.38 -47.9215
95.7 2750.6 -47.8399
95.8 2745.82 -47.7585
95.9 2741.06 -47.6772
96 2736.3 -47.5961
96.1 2731.54 -47.5151
96.2 2726.8 -47.4342
96.3 2722.07 -47.3535
96.4 2717.34 -47.2729
96.5 2712.62 -47.1924
96.6 2707.91 -47.1121
96.7 2703.2 -47.0319
96.8 2698.51 -46.9519
96.9 2693.82 -46.872
97 2689.14 -46.7922
97.1 2684.47 -46.7126
97.2 2679.81 -46.633
97.3 2675.15 -46.5537
97.4 2670.51 -46.4744
97.5 2665.87 -46.3953
97.6 2661.23 -46.3164
97.7 2656.61 -46.2376
97.8 2652 -46.1589
97.9 2647.39 -46.0803
98 2642.79 -46.0019
98.1 2638.19 -45.9236
98.2 2633.61 -45.8454
98.3 2629.03 -45.7674
98.4 2624.46 -45.6895
98.5 2619.9 -45.6117
98.6 2615.35 -45.5341
98.7 2610.8 -45.4566
98.8 2606.27 -45.3792
98.9 2601.74 -45.302
99 2597.21 -45.2249
99.1 2592.7 -45.1479
99.2 2588.19 -45.071
99.3 2583.69 -44.9943
99.4 2579.2 -44.9177
99.5 2574.72 -44.8413
99.6 2570.24 -44.765
99.7 2565.77 -44.6888
99.8 2561.31 -44.6127
99.9 2556.86 -44.5368
100 2552.41 -44.461
100.1 2547.97 -44.3853
100.2 2543.54 -44.3097
100.3 2539.12 -44.2343
100.4 2534.7 -44.159
100.5 2530.29 -44.0838
100.6 2525.89 -44.0088
100.7 2521.5 -43.9339
100.8 2517.11 -43.8591
100.9 2512.73 -43.7845
101 2508.36 -43.7099
101.1 2504 -43.6355
101.2 2499.64 -43.5613
101.3 2495.29 -43.4871
101.4 2490.95 -43.4131
101.5 2486.62 -43.3392
101.6 2482.29 -43.2654
101.7 2477.97 -43.1918
101.8 2473.66 -43.1182
101.9 2469.36 -43.0449
102 2465.06 -42.9716
102.1 2460.77 -42.8984
102.2 2456.49 -42.8254
102.3 2452.21 -42.7525
102.4 2447.94 -42.6797
102.5 2443.68 -42.6071
102.6 2439.43 -42.5346
102.7 2435.18 -42.4621
102.8 2430.95 -42.3899
102.9 2426.71 -42.3177
103 2422.49 -42.2457
103.1 2418.27 -42.1738
103.2 2414.06 -42.102
103.3 2409.86 -42.0303
103.4 2405.66 -41.9587
103.5 2401.47 -41.8873
103.6 2397.29 -41.816
103.7 2393.12 -41.7448
103.8 2388.95 -41.6738
103.9 2384.79 -41.6028
104 2380.64 -41.532
104.1 2376.49 -41.4613
104.2 2372.35 -41.3907
104.3 2368.22 -41.3203
104.4 2364.09 -41.2499
104.5 2359.98 -41.1797
104.6 2355.87 -41.1096
104.7 2351.76 -41.0396
104.8 2347.66 -40.9697
104.9 2343.57 -40.9
105 2339.49 -40.8304
105.1 2335.42 -40.7609
105.2 2331.35 -40.6915
105.3 2327.28 -40.6222
105.4 2323.23 -40.553
105.5 2319.18 -40.484
105.6 2315.14 -40.4151
105.7 2311.1 -40.3463
105.8 2307.08 -40.2776
105.9 2303.06 -40.209
106 2299.04 -40.1406
106.1 2295.03 -40.0722
106.2 2291.03 -40.004
106.3 2287.04 -39.9359
106.4 2283.05 -39.8679
106.5 2279.07 -39.8
106.6 2275.1 -39.7323
106.7 2271.13 -39.6646
106.8 2267.17 -39.5971
106.9 2263.22 -39.5297
107 2259.27 -39.4624
107.1 2255.34 -39.3952
107.2 2251.4 -39.3281
107.3 2247.48 -39.2612
107.4 2243.56 -39.1943
107.5 2239.64 -39.1276
107.6 2235.74 -39.061
107.7 2231.84 -38.9945
107.8 2227.95 -38.9281
107.9 2224.06 -38.8618
108 2220.18 -38.7957
108.1 2216.31 -38.7296
108.2 2212.44 -38.6637
108.3 2208.58 -38.5979
108.4 2204.73 -38.5321
108.5 2200.88 -38.4665
108.6 2197.04 -38.401
108.7 2193.21 -38.3357
108.8 2189.38 -38.2704
108.9 2185.56 -38.2052
109 2181.75 -38.1402
109.1 2177.94 -38.0752
109.2 2174.14 -38.0104
109.3 2170.34 -37.9457
109.4 2166.55 -37.8811
109.5 2162.77 -37.8166
109.6 2159 -37.7522
109.7 2155.23 -37.6879
109.8 2151.47 -37.6238
109.9 2147.71 -37.5597
110 2143.96 -37.4957
110.1 2140.22 -37.4319
110.2 2136.48 -37.3682
110.3 2132.75 -37.3045
110.4 2129.03 -37.241
110.5 2125.31 -37.1776
110.6 2121.6 -37.1143
110.7 2117.89 -37.0511
110.8 2114.19 -36.988
110.9 2110.5 -36.9251
111 2106.81 -36.8622
111.1 2103.13 -36.7994
111.2 2099.46 -36.7368
111.3 2095.79 -36.6742
111.4 2092.13 -36.6118
111.5 2088.48 -36.5494
111.6 2084.83 -36.4872
111.7 2081.19 -36.4251
111.8 2077.55 -36.363
111.9 2073.92 -36.3011
112 2070.3 -36.2393
112.1 2066.68 -36.1776
112.2 2063.07 -36.116
112.3 2059.46 -36.0545
112.4 2055.86 -35.9931
112.5 2052.27 -35.9318
112.6 2048.68 -35.8706
112.7 2045.1 -35.8095
112.8 2041.53 -35.7486
112.9 2037.96 -35.6877
113 2034.39 -35.6269
113.1 2030.84 -35.5663
113.2 2027.29 -35.5057
113.3 2023.74 -35.4452
113.4 2020.2 -35.3849
113.5 2016.67 -35.3246
113.6 2013.15 -35.2645
113.7 2009.62 -35.2044
113.8 2006.11 -35.1445
113.9 2002.6 -35.0846
114 1999.1 -35.0249
114.1 1995.6 -34.9652
114.2 1992.11 -34.9057
114.3 1988.63 -34.8462
114.4 1985.15 -34.7869
114.5 1981.68 -34.7277
114.6 1978.21 -34.6685
114.7 1974.75 -34.6095
114.8 1971.29 -34.5506
114.9 1967.84 -34.4917
115 1964.4 -34.433
115.1 1960.96 -34.3743
115.2 1957.53 -34.3158
115.3 1954.11 -34.2574
115.4 1950.69 -34.199
115.5 1947.27 -34.1408
115.6 1943.86 -34.0826
115.7 1940.46 -34.0246
115.8 1937.06 -33.9667
115.9 1933.67 -33.9088
116 1930.29 -33.8511
116.1 1926.91 -33.7934
116.2 1923.54 -33.7359
116.3 1920.17 -33.6784
116.4 1916.81 -33.6211
116.5 1913.45 -33.5638
116.6 1910.1 -33.5066
116.7 1906.75 -33.4496
116.8 1903.41 -33.3926
116.9 1900.08 -33.3357
117 1896.75 -33.279
117.1 1893.43 -33.2223
117.2 1890.11 -33.1657
117.3 1886.8 -33.1092
117.4 1883.5 -33.0528
117.5 1880.2 -32.9965
117.6 1876.9 -32.9403
117.7 1873.62 -32.8842
117.8 1870.33 -32.8282
117.9 1867.06 -32.7723
118 1863.78 -32.7165
118.1 1860.52 -32.6608
118.2 1857.26 -32.6052
118.3 1854 -32.5496
118.4 1850.75 -32.4942
118.5 1847.51 -32.4389
118.6 1844.27 -32.3836
118.7 1841.04 -32.3285
118.8 1837.81 -32.2734
118.9 1834.59 -32.2184
119 1831.37 -32.1636
119.1 1828.16 -32.1088
119.2 1824.96 -32.0541
119.3 1821.76 -31.9995
119.4 1818.56 -31.945
119.5 1815.37 -31.8906
119.6 1812.19 -31.8363
119.7 1809.01 -31.782
119.8 1805.84 -31.7279
119.9 1802.67 -31.6739
120 1799.51 -31.6199
120.1 1796.35 -31.5661
120.2 1793.2 -31.5123
120.3 1790.06 -31.4586
120.4 1786.91 -31.405
120.5 1783.78 -31.3515
120.6 1780.65 -31.2981
120.7 1777.53 -31.2448
120.8 1774.41 -31.1916
120.9 1771.29 -31.1385
121 1768.18 -31.0854
121.1 1765.08 -31.0325
121.2 1761.98 -30.9796
121.3 1758.89 -30.9269
121.4 1755.8 -30.8742
121.5 1752.72 -30.8216
121.6 1749.64 -30.7691
121.7 1746.57 -30.7167
121.8 1743.51 -30.6644
121.9 1740.44 -30.6121
122 1737.39 -30.56
122.1 1734.34 -30.5079
122.2 1731.29 -30.456
122.3 1728.25 -30.4041
122.4 1725.22 -30.3523
122.5 1722.19 -30.3006
122.6 1719.16 -30.249
122.7 1716.14 -30.1975
122.8 1713.13 -30.146
122.9 1710.12 -30.0947
123 1707.11 -30.0434
123.1 1704.11 -29.9922
123.2 1701.12 -29.9411
123.3 1698.13 -29.8901
123.4 1695.15 -29.8392
123.5 1692.17 -29.7884
123.6 1689.19 -29.7376
123.7 1686.23 -29.687
123.8 1683.26 -29.6364
123.9 1680.3 -29.5859
124 1677.35 -29.5355
124.1 1674.4 -29.4852
124.2 1671.46 -29.435
124.3 1668.52 -29.3848
124.4 1665.59 -29.3348
124.5 1662.66 -29.2848
124.6 1659.73 -29.2349
124.7 1656.82 -29.1851
124.8 1653.9 -29.1354
124.9 1650.99 -29.0858
125 1648.09 -29.0362
125.1 1645.19 -28.9868
125.2 1642.3 -28.9374
125.3 1639.41 -28.8881
125.4 1636.52 -28.8389
125.5 1633.65 -28.7897
125.6 1630.77 -28.7407
125.7 1627.9 -28.6917
125.8 1625.04 -28.6428
125.9 1622.18 -28.594
126 1619.32 -28.5453
126.1 1616.47 -28.4967
126.2 1613.63 -28.4482
126.3 1610.79 -28.3997
126.4 1607.95 -28.3513
126.5 1605.12 -28.303
126.6 1602.3 -28.2548
126.7 1599.48 -28.2066
126.8 1596.66 -28.1586
126.9 1593.85 -28.1106
127 1591.04 -28.0627
127.1 1588.24 -28.0149
127.2 1585.45 -27.9672
127.3 1582.65 -27.9195
127.4 1579.87 -27.872
127.5 1577.08 -27.8245
127.6 1574.31 -27.7771
127.7 1571.53 -27.7298
127.8 1568.77 -27.6825
127.9 1566 -27.6353
128 1563.24 -27.5883
128.1 1560.49 -27.5413
128.2 1557.74 -27.4943
128.3 1555 -27.4475
128.4 1552.26 -27.4007
128.5 1549.52 -27.354
128.6 1546.79 -27.3074
128.7 1544.06 -27.2609
128.8 1541.34 -27.2145
128.9 1538.62 -27.1681
129 1535.91 -27.1218
129.1 1533.2 -27.0756
129.2 1530.5 -27.0295
129.3 1527.8 -26.9834
129.4 1525.11 -26.9374
129.5 1522.42 -26.8915
129.6 1519.74 -26.8457
129.7 1517.06 -26.8
129.8 1514.38 -26.7543
129.9 1511.71 -26.7087
130 1509.04 -26.6632
130.1 1506.38 -26.6178
130.2 1503.72 -26.5724
130.3 1501.07 -26.5271
130.4 1498.42 -26.4819
130.5 1495.78 -26.4368
130.6 1493.14 -26.3918
130.7 1490.51 -26.3468
130.8 1487.88 -26.3019
130.9 1485.25 -26.2571
131 1482.63 -26.2124
131.1 1480.01 -26.1677
131.2 1477.4 -26.1231
131.3 1474.79 -26.0786
131.4 1472.19 -26.0341
131.5 1469.59 -25.9898
131.6 1466.99 -25.9455
131.7 1464.4 -25.9013
131.8 1461.82 -25.8572
131.9 1459.24 -25.8131
132 1456.66 -25.7691
132.1 1454.09 -25.7252
132.2 1451.52 -25.6814
132.3 1448.96 -25.6376
132.4 1446.4 -25.5939
132.5 1443.84 -25.5503
132.6 1441.29 -25.5068
132.7 1438.75 -25.4633
132.8 1436.2 -25.4199
132.9 1433.67 -25.3766
133 1431.13 -25.3333
133.1 1428.6 -25.2902
133.2 1426.08 -25.2471
133.3 1423.56 -25.204
133.4 1421.04 -25.1611
133.5 1418.53 -25.1182
133.6 1416.02 -25.0754
133.7 1413.52 -25.0327
133.8 1411.02 -24.99
133.9 1408.53 -24.9474
134 1406.04 -24.9049
134.1 1403.55 -24.8625
134.2 1401.07 -24.8201
134.3 1398.59 -24.7778
134.4 1396.12 -24.7356
134.5 1393.65 -24.6934
134.6 1391.18 -24.6513
134.7 1388.72 -24.6093
134.8 1386.26 -24.5674
134.9 1383.81 -24.5255
135 1381.36 -24.4837
135.1 1378.92 -24.442
135.2 1376.48 -24.4003
135.3 1374.04 -24.3588
135.4 1371.61 -24.3172
135.5 1369.18 -24.2758
135.6 1366.76 -24.2344
135.7 1364.34 -24.1931
135.8 1361.92 -24.1519
135.9 1359.51 -24.1107
136 1357.11 -24.0696
136.1 1354.7 -24.0286
136.2 1352.31 -23.9877
136.3 1349.91 -23.9468
136.4 1347.52 -23.906
136.5 1345.13 -23.8652
136.6 1342.75 -23.8245
136.7 1340.37 -23.7839
136.8 1338 -23.7434
136.9 1335.63 -23.7029
137 1333.26 -23.6625
137.1 1330.9 -23.6222
137.2 1328.54 -23.5819
137.3 1326.19 -23.5417
137.4 1323.84 -23.5016
137.5 1321.49 -23.4616
137.6 1319.15 -23.4216
137.7 1316.81 -23.3817
137.8 1314.48 -23.3418
137.9 1312.15 -23.302
138 1309.82 -23.2623
138.1 1307.5 -23.2227
138.2 1305.18 -23.1831
138.3 1302.87 -23.1436
138.4 1300.55 -23.1041
138.5 1298.25 -23.0647
138.6 1295.95 -23.0254
138.7 1293.65 -22.9862
138.8 1291.35 -22.947
138.9 1289.06 -22.9079
139 1286.77 -22.8688
139.1 1284.49 -22.8298
139.2 1282.21 -22.7909
139.3 1279.94 -22.7521
139.4 1277.67 -22.7133
139.5 1275.4 -22.6746
139.6 1273.13 -22.6359
139.7 1270.88 -22.5973
139.8 1268.62 -22.5588
139.9 1266.37 -22.5204
140 1264.12 -22.482
140.1 1261.87 -22.4437
140.2 1259.63 -22.4054
140.3 1257.4 -22.3672
140.4 1255.16 -22.3291
140.5 1252.94 -22.291
140.6 1250.71 -22.253
140.7 1248.49 -22.2151
140.8 1246.27 -22.1772
140.9 1244.06 -22.1394
141 1241.85 -22.1017
141.1 1239.64 -22.064
141.2 1237.44 -22.0264
141.3 1235.24 -21.9888
141.4 1233.04 -21.9513
141.5 1230.85 -21.9139
141.6 1228.66 -21.8766
141.7 1226.48 -21.8393
141.8 1224.3 -21.802
141.9 1222.12 -21.7649
142 1219.95 -21.7278
142.1 1217.78 -21.6907
142.2 1215.62 -21.6538
142.3 1213.46 -21.6168
142.4 1211.3 -21.58
142.5 1209.14 -21.5432
142.6 1206.99 -21.5065
142.7 1204.85 -21.4698
142.8 1202.7 -21.4332
142.9 1200.56 -21.3967
143 1198.43 -21.3602
143.1 1196.29 -21.3238
143.2 1194.17 -21.2874
143.3 1192.04 -21.2511
143.4 1189.92 -21.2149
143.5 1187.8 -21.1787
143.6 1185.69 -21.1426
143.7 1183.58 -21.1066
143.8 1181.47 -21.0706
143.9 1179.37 -21.0347
144 1177.27 -20.9988
144.1 1175.17 -20.963
144.2 1173.08 -20.9273
144.3 1170.99 -20.8916
144.4 1168.9 -20.856
144.5 1166.82 -20.8204
144.6 1164.74 -20.7849
144.7 1162.67 -20.7495
144.8 1160.59 -20.7141
144.9 1158.53 -20.6788
145 1156.46 -20.6435
145.1 1154.4 -20.6083
145.2 1152.34 -20.5732
145.3 1150.29 -20.5381
145.4 1148.24 -20.5031
145.5 1146.19 -20.4681
145.6 1144.15 -20.4332
145.7 1142.11 -20.3984
145.8 1140.07 -20.3636
145.9 1138.04 -20.3289
146 1136.01 -20.2942
146.1 1133.99 -20.2596
146.2 1131.96 -20.2251
146.3 1129.94 -20.1906
146.4 1127.93 -20.1562
146.5 1125.92 -20.1218
146.6 1123.91 -20.0875
146.7 1121.9 -20.0532
146.8 1119.9 -20.019
146.9 1117.9 -19.9849
147 1115.91 -19.9508
147.1 1113.91 -19.9168
147.2 1111.93 -19.8828
147.3 1109.94 -19.8489
147.4 1107.96 -19.8151
147.5 1105.98 -19.7813
147.6 1104.01 -19.7476
147.7 1102.04 -19.7139
147.8 1100.07 -19.6803
147.9 1098.1 -19.6467
148 1096.14 -19.6132
148.1 1094.18 -19.5798
148.2 1092.23 -19.5464
148.3 1090.28 -19.5131
148.4 1088.33 -19.4798
148.5 1086.39 -19.4466
148.6 1084.44 -19.4134
148.7 1082.51 -19.3803
148.8 1080.57 -19.3473
148.9 1078.64 -19.3143
149 1076.71 -19.2813
149.1 1074.79 -19.2484
149.2 1072.87 -19.2156
149.3 1070.95 -19.1828
149.4 1069.03 -19.1501
149.5 1067.12 -19.1175
149.6 1065.21 -19.0849
149.7 1063.31 -19.0523
149.8 1061.4 -19.0198
149.9 1059.51 -18.9874
150 1057.61 -18.955
150.1 1055.72 -18.9227
150.2 1053.83 -18.8904
150.3 1051.94 -18.8582
150.4 1050.06 -18.826
150.5 1048.18 -18.7939
150.6 1046.31 -18.7619
150.7 1044.43 -18.7299
150.8 1042.56 -18.6979
150.9 1040.7 -18.6661
151 1038.83 -18.6342
151.1 1036.97 -18.6024
151.2 1035.11 -18.5707
151.3 1033.26 -18.539
151.4 1031.41 -18.5074
151.5 1029.56 -18.4759
151.6 1027.72 -18.4443
151.7 1025.88 -18.4129
151.8 1024.04 -18.3815
151.9 1022.2 -18.3501
152 1020.37 -18.3188
152.1 1018.54 -18.2876
152.2 1016.72 -18.2564
152.3 1014.89 -18.2253
152.4 1013.08 -18.1942
152.5 1011.26 -18.1631
152.6 1009.45 -18.1322
152.7 1007.64 -18.1012
152.8 1005.83 -18.0704
152.9 1004.02 -18.0395
153 1002.22 -18.0088
153.1 1000.43 -17.9781
153.2 998.631 -17.9474
153.3 996.84 -17.9168
153.4 995.051 -17.8862
153.5 993.266 -17.8557
153.6 991.483 -17.8253
153.7 989.704 -17.7949
153.8 987.927 -17.7645
153.9 986.154 -17.7342
154 984.383 -17.7039
154.1 982.616 -17.6737
154.2 980.852 -17.6436
154.3 979.09 -17.6135
154.4 977.332 -17.5835
154.5 975.577 -17.5535
154.6 973.824 -17.5235
154.7 972.075 -17.4936
154.8 970.328 -17.4638
154.9 968.585 -17.434
155 966.845 -17.4043
155.1 965.107 -17.3746
155.2 963.373 -17.3449
155.3 961.641 -17.3153
155.4 959.913 -17.2858
155.5 958.187 -17.2563
155.6 956.464 -17.2269
155.7 954.744 -17.1975
155.8 953.028 -17.1682
155.9 951.314 -17.1389
156 949.603 -17.1096
156.1 947.895 -17.0805
156.2 946.19 -17.0513
156.3 944.487 -17.0222
156.4 942.788 -16.9932
156.5 941.092 -16.9642
156.6 939.398 -16.9353
156.7 937.708 -16.9064
156.8 936.02 -16.8775
156.9 934.335 -16.8487
157 932.653 -16.82
157.1 930.974 -16.7913
157.2 929.298 -16.7626
157.3 927.624 -16.734
157.4 925.954 -16.7055
157.5 924.286 -16.677
157.6 922.621 -16.6485
157.7 920.959 -16.6201
157.8 919.3 -16.5918
157.9 917.643 -16.5635
158 915.99 -16.5352
158.1 914.339 -16.507
158.2 912.691 -16.4788
158.3 911.046 -16.4507
158.4 909.404 -16.4227
158.5 907.765 -16.3946
158.6 906.128 -16.3667
158.7 904.494 -16.3387
158.8 902.863 -16.3109
158.9 901.235 -16.283
159 899.609 -16.2553
159.1 897.986 -16.2275
159.2 896.366 -16.1998
159.3 894.749 -16.1722
159.4 893.135 -16.1446
159.5 891.523 -16.1171
159.6 889.914 -16.0896
159.7 888.308 -16.0621
159.8 886.704 -16.0347
159.9 885.104 -16.0073
160 883.506 -15.98
160.1 881.91 -15.9528
160.2 880.318 -15.9255
160.3 878.728 -15.8984
160.4 877.141 -15.8712
160.5 875.556 -15.8442
160.6 873.975 -15.8171
160.7 872.396 -15.7901
160.8 870.819 -15.7632
160.9 869.246 -15.7363
161 867.675 -15.7094
161.1 866.106 -15.6826
161.2 864.541 -15.6559
161.3 862.978 -15.6292
161.4 861.418 -15.6025
161.5 859.86 -15.5759
161.6 858.305 -15.5493
161.7 856.753 -15.5228
161.8 855.203 -15.4963
161.9 853.656 -15.4698
162 852.112 -15.4434
162.1 850.57 -15.4171
162.2 849.031 -15.3908
162.3 847.495 -15.3645
162.4 845.961 -15.3383
162.5 844.43 -15.3121
162.6 842.901 -15.286
162.7 841.375 -15.2599
162.8 839.852 -15.2338
162.9 838.331 -15.2078
163 836.813 -15.1819
163.1 835.297 -15.156
163.2 833.784 -15.1301
163.3 832.274 -15.1043
163.4 830.766 -15.0785
163.5 829.261 -15.0528
163.6 827.758 -15.0271
163.7 826.258 -15.0015
163.8 824.76 -14.9758
163.9 823.265 -14.9503
164 821.773 -14.9248
164.1 820.283 -14.8993
164.2 818.795 -14.8739
164.3 817.311 -14.8485
164.4 815.828 -14.8231
164.5 814.348 -14.7978
164.6 812.871 -14.7726
164.7 811.396 -14.7474
164.8 809.924 -14.7222
164.9 808.454 -14.6971
165 806.987 -14.672
165.1 805.523 -14.647
165.2 804.06 -14.622
165.3 802.601 -14.597
165.4 801.143 -14.5721
165.5 799.689 -14.5472
165.6 798.237 -14.5224
165.7 796.787 -14.4976
165.8 795.339 -14.4729
165.9 793.895 -14.4482
166 792.452 -14.4235
166.1 791.012 -14.3989
166.2 789.575 -14.3743
166.3 788.14 -14.3498
166.4 786.707 -14.3253
166.5 785.277 -14.3008
166.6 783.85 -14.2764
166.7 782.425 -14.252
166.8 781.002 -14.2277
166.9 779.581 -14.2034
167 778.164 -14.1792
167.1 776.748 -14.155
167.2 775.335 -14.1308
167.3 773.924 -14.1067
167.4 772.516 -14.0826
167.5 771.11 -14.0586
167.6 769.707 -14.0346
167.7 768.306 -14.0106
167.8 766.907 -13.9867
167.9 765.511 -13.9628
168 764.117 -13.939
168.1 762.725 -13.9152
168.2 761.336 -13.8914
168.3 759.949 -13.8677
168.4 758.565 -13.844
168.5 757.183 -13.8204
168.6 755.803 -13.7968
168.7 754.426 -13.7733
168.8 753.051 -13.7498
168.9 751.678 -13.7263
169 750.308 -13.7029
169.1 748.94 -13.6795
169.2 747.574 -13.6561
169.3 746.211 -13.6328
169.4 744.85 -13.6095
169.5 743.492 -13.5863
169.6 742.135 -13.5631
169.7 740.781 -13.5399
169.8 739.43 -13.5168
169.9 738.08 -13.4937
170 736.733 -13.4707
170.1 735.388 -13.4477
170.2 734.046 -13.4247
170.3 732.706 -13.4018
170.4 731.368 -13.3789
170.5 730.032 -13.3561
170.6 728.699 -13.3333
170.7 727.368 -13.3105
170.8 726.039 -13.2878
170.9 724.713 -13.2651
171 723.388 -13.2425
171.1 722.066 -13.2199
171.2 720.747 -13.1973
171.3 719.429 -13.1748
171.4 718.114 -13.1523
171.5 716.801 -13.1298
171.6 715.49 -13.1074
171.7 714.182 -13.085
171.8 712.875 -13.0627
171.9 711.571 -13.0404
172 710.27 -13.0181
172.1 708.97 -12.9959
172.2 707.673 -12.9737
172.3 706.377 -12.9515
172.4 705.085 -12.9294
172.5 703.794 -12.9073
172.6 702.505 -12.8853
172.7 701.219 -12.8633
172.8 699.935 -12.8413
172.9 698.653 -12.8194
173 697.373 -12.7975
173.1 696.096 -12.7757
173.2 694.82 -12.7538
173.3 693.547 -12.7321
173.4 692.276 -12.7103
173.5 691.007 -12.6886
173.6 689.74 -12.6669
173.7 688.476 -12.6453
173.8 687.213 -12.6237
173.9 685.953 -12.6022
174 684.695 -12.5806
174.1 683.439 -12.5592
174.2 682.186 -12.5377
174.3 680.934 -12.5163
174.4 679.684 -12.4949
174.5 678.437 -12.4736
174.6 677.192 -12.4523
174.7 675.949 -12.431
174.8 674.708 -12.4098
174.9 673.469 -12.3886
175 672.232 -12.3674
175.1 670.997 -12.3463
175.2 669.765 -12.3252
175.3 668.535 -12.3042
175.4 667.306 -12.2832
175.5 666.08 -12.2622
175.6 664.856 -12.2412
175.7 663.634 -12.2203
175.8 662.414 -12.1995
175.9 661.196 -12.1786
176 659.98 -12.1578
176.1 658.767 -12.1371
176.2 657.555 -12.1163
176.3 656.345 -12.0956
176.4 655.138 -12.075
176.5 653.932 -12.0544
176.6 652.729 -12.0338
176.7 651.528 -12.0132
176.8 650.328 -11.9927
176.9 649.131 -11.9722
177 647.936 -11.9518
177.1 646.743 -11.9314
177.2 645.552 -11.911
177.3 644.363 -11.8906
177.4 643.176 -11.8703
177.5 641.991 -11.85
177.6 640.808 -11.8298
177.7 639.627 -11.8096
177.8 638.448 -11.7894
177.9 637.271 -11.7693
178 636.096 -11.7492
178.1 634.923 -11.7291
178.2 633.752 -11.7091
178.3 632.583 -11.6891
178.4 631.416 -11.6691
178.5 630.251 -11.6492
178.6 629.089 -11.6293
178.7 627.928 -11.6094
178.8 626.769 -11.5896
178.9 625.612 -11.5698
179 624.457 -11.55
179.1 623.304 -11.5303
179.2 622.153 -11.5106
179.3 621.003 -11.4909
179.4 619.856 -11.4713
179.5 618.711 -11.4517
179.6 617.568 -11.4321
179.7 616.427 -11.4126
179.8 615.287 -11.3931
179.9 614.15 -11.3736
180 613.015 -11.3542
180.1 611.881 -11.3348
180.2 610.75 -11.3154
180.3 609.62 -11.2961
180.4 608.492 -11.2768
180.5 607.367 -11.2576
180.6 606.243 -11.2383
180.7 605.121 -11.2191
180.8 604.001 -11.2
180.9 602.883 -11.1808
181 601.767 -11.1617
181.1 600.652 -11.1426
181.2 599.54 -11.1236
181.3 598.429 -11.1046
181.4 597.321 -11.0856
181.5 596.214 -11.0667
181.6 595.109 -11.0478
181.7 594.007 -11.0289
181.8 592.906 -11.0101
181.9 591.806 -10.9912
182 590.709 -10.9725
182.1 589.614 -10.9537
182.2 588.52 -10.935
182.3 587.429 -10.9163
182.4 586.339 -10.8977
182.5 585.251 -10.879
182.6 584.165 -10.8605
182.7 583.081 -10.8419
182.8 581.998 -10.8234
182.9 580.918 -10.8049
183 579.839 -10.7864
183.1 578.762 -10.768
183.2 577.688 -10.7496
183.3 576.614 -10.7312
183.4 575.543 -10.7129
183.5 574.474 -10.6946
183.6 573.406 -10.6763
183.7 572.34 -10.658
183.8 571.276 -10.6398
183.9 570.214 -10.6217
184 569.154 -10.6035
184.1 568.095 -10.5854
184.2 567.038 -10.5673
184.3 565.984 -10.5492
184.4 564.93 -10.5312
184.5 563.879 -10.5132
184.6 562.83 -10.4952
184.7 561.782 -10.4773
184.8 560.736 -10.4594
184.9 559.692 -10.4415
185 558.649 -10.4237
185.1 557.609 -10.4059
185.2 556.57 -10.3881
185.3 555.533 -10.3703
185.4 554.498 -10.3526
185.5 553.464 -10.3349
185.6 552.432 -10.3172
185.7 551.403 -10.2996
185.8 550.374 -10.282
185.9 549.348 -10.2644
186 548.323 -10.2469
186.1 547.3 -10.2294
186.2 546.279 -10.2119
186.3 545.26 -10.1944
186.4 544.242 -10.177
186.5 543.226 -10.1596
186.6 542.212 -10.1423
186.7 541.199 -10.1249
186.8 540.188 -10.1076
186.9 539.179 -10.0903
187 538.172 -10.0731
187.1 537.167 -10.0559
187.2 536.163 -10.0387
187.3 535.161 -10.0215
187.4 534.16 -10.0044
187.5 533.161 -9.9873
187.6 532.164 -9.97022
187.7 531.169 -9.95318
187.8 530.175 -9.93617
187.9 529.183 -9.91918
188 528.193 -9.90223
188.1 527.205 -9.8853
188.2 526.218 -9.8684
188.3 525.233 -9.85153
188.4 524.249 -9.83469
188.5 523.267 -9.81788
188.6 522.287 -9.8011
188.7 521.309 -9.78434
188.8 520.332 -9.76761
188.9 519.357 -9.75092
189 518.384 -9.73425
189.1 517.412 -9.71761
189.2 516.442 -9.70099
189.3 515.473 -9.68441
189.4 514.507 -9.66785
189.5 513.541 -9.65132
189.6 512.578 -9.63482
189.7 511.616 -9.61835
189.8 510.656 -9.60191
189.9 509.697 -9.58549
190 508.74 -9.5691
190.1 507.785 -9.55274
190.2 506.832 -9.53641
190.3 505.88 -9.52011
190.4 504.929 -9.50383
190.5 503.98 -9.48758
190.6 503.033 -9.47136
190.7 502.088 -9.45516
190.8 501.144 -9.439
190.9 500.202 -9.42286
191 499.261 -9.40675
191.1 498.322 -9.39066
191.2 497.384 -9.37461
191.3 496.448 -9.35858
191.4 495.514 -9.34258
191.5 494.582 -9.3266
191.6 493.651 -9.31065
191.7 492.721 -9.29473
191.8 491.793 -9.27884
191.9 490.867 -9.26297
192 489.942 -9.24713
192.1 489.019 -9.23132
192.2 488.097 -9.21554
192.3 487.177 -9.19978
192.4 486.259 -9.18404
192.5 485.342 -9.16834
192.6 484.427 -9.15266
192.7 483.513 -9.13701
192.8 482.601 -9.12139
192.9 481.691 -9.10579
193 480.782 -9.09021
193.1 479.874 -9.07467
193.2 478.968 -9.05915
193.3 478.064 -9.04366
193.4 477.161 -9.02819
193.5 476.26 -9.01275
193.6 475.36 -8.99734
193.7 474.462 -8.98195
193.8 473.565 -8.96659
193.9 472.67 -8.95126
194 471.776 -8.93595
194.1 470.884 -8.92066
194.2 469.994 -8.90541
194.3 469.105 -8.89018
194.4 468.217 -8.87497
194.5 467.331 -8.85979
194.6 466.447 -8.84464
194.7 465.564 -8.82951
194.8 464.682 -8.81441
194.9 463.802 -8.79933
195 462.924 -8.78428
195.1 462.047 -8.76926
195.2 461.172 -8.75426
195.3 460.298 -8.73929
195.4 459.425 -8.72434
195.5 458.554 -8.70941
195.6 457.685 -8.69452
195.7 456.817 -8.67965
195.8 455.951 -8.6648
195.9 455.086 -8.64998
196 454.222 -8.63518
196.1 453.36 -8.62041
196.2 452.499 -8.60566
196.3 451.64 -8.59094
196.4 450.783 -8.57625
196.5 449.927 -8.56158
196.6 449.072 -8.54693
196.7 448.219 -8.53231
196.8 447.367 -8.51771
196.9 446.517 -8.50314
197 445.668 -8.4886
197.1 444.82 -8.47408
197.2 443.974 -8.45958
197.3 443.13 -8.44511
197.4 442.287 -8.43066
197.5 441.445 -8.41624
197.6 440.605 -8.40184
197.7 439.766 -8.38746
197.8 438.929 -8.37311
197.9 438.093 -8.35879
198 437.259 -8.34449
198.1 436.425 -8.33021
198.2 435.594 -8.31596
198.3 434.764 -8.30173
198.4 433.935 -8.28753
198.5 433.108 -8.27335
198.6 432.282 -8.25919
198.7 431.457 -8.24506
198.8 430.634 -8.23096
198.9 429.812 -8.21687
199 428.992 -8.20281
199.1 428.173 -8.18878
199.2 427.356 -8.17477
199.3 426.54 -8.16078
199.4 425.725 -8.14682
199.5 424.912 -8.13288
199.6 424.1 -8.11896
199.7 423.289 -8.10507
199.8 422.48 -8.0912
199.9 421.672 -8.07735
200 420.866 -8.06353
200.1 420.061 -8.04973
200.2 419.258 -8.03596
200.3 418.455 -8.02221
200.4 417.654 -8.00848
200.5 416.855 -7.99478
200.6 416.057 -7.9811
200.7 415.26 -7.96744
200.8 414.465 -7.9538
200.9 413.671 -7.94019
201 412.878 -7.9266
201.1 412.087 -7.91304
201.2 411.297 -7.8995
201.3 410.508 -7.88598
201.4 409.721 -7.87248
201.5 408.935 -7.85901
201.6 408.151 -7.84556
201.7 407.367 -7.83213
201.8 406.585 -7.81873
201.9 405.805 -7.80534
202 405.026 -7.79199
202.1 404.248 -7.77865
202.2 403.471 -7.76534
202.3 402.696 -7.75205
202.4 401.922 -7.73878
202.5 401.15 -7.72553
202.6 400.378 -7.71231
202.7 399.609 -7.69911
202.8 398.84 -7.68593
202.9 398.073 -7.67278
203 397.307 -7.65964
203.1 396.542 -7.64653
203.2 395.779 -7.63344
203.3 395.017 -7.62038
203.4 394.256 -7.60733
203.5 393.497 -7.59431
203.6 392.738 -7.58131
203.7 391.982 -7.56833
203.8 391.226 -7.55538
203.9 390.472 -7.54245
204 389.719 -7.52953
204.1 388.967 -7.51665
204.2 388.217 -7.50378
204.3 387.468 -7.49093
204.4 386.72 -7.47811
204.5 385.973 -7.46531
204.6 385.228 -7.45253
204.7 384.484 -7.43977
204.8 383.741 -7.42703
204.9 383 -7.41432
205 382.26 -7.40162
205.1 381.521 -7.38895
205.2 380.783 -7.3763
205.3 380.047 -7.36367
205.4 379.312 -7.35107
205.5 378.578 -7.33848
205.6 377.845 -7.32592
205.7 377.114 -7.31337
205.8 376.384 -7.30085
205.9 375.655 -7.28835
206 374.928 -7.27587
206.1 374.201 -7.26342
206.2 373.476 -7.25098
206.3 372.752 -7.23857
206.4 372.03 -7.22617
206.5 371.308 -7.2138
206.6 370.588 -7.20145
206.7 369.869 -7.18912
206.8 369.151 -7.17681
206.9 368.435 -7.16452
207 367.72 -7.15225
207.1 367.006 -7.14
207.2 366.293 -7.12777
207.3 365.581 -7.11557
207.4 364.871 -7.10338
207.5 364.162 -7.09122
207.6 363.454 -7.07908
207.7 362.747 -7.06695
207.8 362.042 -7.05485
207.9 361.338 -7.04277
208 360.635 -7.03071
208.1 359.933 -7.01867
208.2 359.232 -7.00665
208.3 358.533 -6.99465
208.4 357.834 -6.98267
208.5 357.137 -6.97071
208.6 356.441 -6.95878
208.7 355.747 -6.94686
208.8 355.053 -6.93496
208.9 354.361 -6.92308
209 353.67 -6.91123
209.1 352.98 -6.89939
209.2 352.291 -6.88757
209.3 351.603 -6.87578
209.4 350.917 -6.864
209.5 350.232 -6.85224
209.6 349.548 -6.84051
209.7 348.865 -6.82879
209.8 348.183 -6.81709
209.9 347.503 -6.80542
210 346.823 -6.79376
210.1 346.145 -6.78212
210.2 345.468 -6.7705
210.3 344.792 -6.75891
210.4 344.117 -6.74733
210.5 343.444 -6.73577
210.6 342.771 -6.72423
210.7 342.1 -6.71271
210.8 341.43 -6.70122
210.9 340.761 -6.68974
211 340.093 -6.67828
211.1 339.427 -6.66684
211.2 338.761 -6.65541
211.3 338.097 -6.64401
211.4 337.433 -6.63263
211.5 336.771 -6.62127
211.6 336.11 -6.60993
211.7 335.45 -6.5986
211.8 334.792 -6.5873
211.9 334.134 -6.57601
212 333.478 -6.56474
212.1 332.822 -6.5535
212.2 332.168 -6.54227
212.3 331.515 -6.53106
212.4 330.863 -6.51987
212.5 330.212 -6.5087
212.6 329.562 -6.49755
212.7 328.914 -6.48642
212.8 328.266 -6.4753
212.9 327.62 -6.46421
213 326.974 -6.45313
213.1 326.33 -6.44207
213.2 325.687 -6.43103
213.3 325.045 -6.42002
213.4 324.404 -6.40901
213.5 323.764 -6.39803
213.6 323.126 -6.38707
213.7 322.488 -6.37612
213.8 321.851 -6.3652
213.9 321.216 -6.35429
214 320.582 -6.3434
214.1 319.948 -6.33253
214.2 319.316 -6.32168
214.3 318.685 -6.31085
214.4 318.055 -6.30003
214.5 317.426 -6.28923
214.6 316.798 -6.27846
214.7 316.172 -6.2677
214.8 315.546 -6.25695
214.9 314.921 -6.24623
215 314.298 -6.23553
215.1 313.675 -6.22484
215.2 313.054 -6.21417
215.3 312.434 -6.20352
215.4 311.814 -6.19289
215.5 311.196 -6.18227
215.6 310.579 -6.17168
215.7 309.963 -6.1611
215.8 309.348 -6.15054
215.9 308.734 -6.14
216 308.121 -6.12947
216.1 307.509 -6.11897
216.2 306.898 -6.10848
216.3 306.288 -6.09801
216.4 305.679 -6.08756
216.5 305.072 -6.07712
216.6 304.465 -6.0667
216.7 303.859 -6.0563
216.8 303.255 -6.04592
216.9 302.651 -6.03556
217 302.049 -6.02521
217.1 301.447 -6.01488
217.2 300.847 -6.00457
217.3 300.247 -5.99428
217.4 299.649 -5.984
217.5 299.052 -5.97374
217.6 298.455 -5.9635
217.7 297.86 -5.95328
217.8 297.266 -5.94307
217.9 296.672 -5.93288
218 296.08 -5.92271
218.1 295.489 -5.91256
218.2 294.899 -5.90242
218.3 294.309 -5.8923
218.4 293.721 -5.8822
218.5 293.134 -5.87211
218.6 292.548 -5.86205
218.7 291.963 -5.852
218.8 291.378 -5.84196
218.9 290.795 -5.83194
219 290.213 -5.82194
219.1 289.632 -5.81196
219.2 289.052 -5.802
219.3 288.472 -5.79205
219.4 287.894 -5.78212
219.5 287.317 -5.7722
219.6 286.741 -5.7623
219.7 286.165 -5.75242
219.8 285.591 -5.74256
219.9 285.018 -5.73271
220 284.446 -5.72288
220.1 283.874 -5.71306
220.2 283.304 -5.70327
220.3 282.735 -5.69349
220.4 282.166 -5.68372
220.5 281.599 -5.67398
220.6 281.032 -5.66424
220.7 280.467 -5.65453
220.8 279.902 -5.64483
220.9 279.339 -5.63515
221 278.776 -5.62549
221.1 278.215 -5.61584
221.2 277.654 -5.60621
221.3 277.095 -5.59659
221.4 276.536 -5.58699
221.5 275.978 -5.57741
221.6 275.421 -5.56784
221.7 274.866 -5.55829
221.8 274.311 -5.54876
221.9 273.757 -5.53924
222 273.204 -5.52974
222.1 272.652 -5.52025
222.2 272.101 -5.51079
222.3 271.551 -5.50133
222.4 271.001 -5.4919
222.5 270.453 -5.48247
222.6 269.906 -5.47307
222.7 269.359 -5.46368
222.8 268.814 -5.45431
222.9 268.269 -5.44495
223 267.726 -5.43561
223.1 267.183 -5.42629
223.2 266.642 -5.41698
223.3 266.101 -5.40768
223.4 265.561 -5.39841
223.5 265.022 -5.38914
223.6 264.484 -5.3799
223.7 263.947 -5.37067
223.8 263.411 -5.36145
223.9 262.876 -5.35225
224 262.341 -5.34307
224.1 261.808 -5.3339
224.2 261.275 -5.32475
224.3 260.744 -5.31562
224.4 260.213 -5.3065
224.5 259.684 -5.29739
224.6 259.155 -5.2883
224.7 258.627 -5.27923
224.8 258.1 -5.27017
224.9 257.574 -5.26112
225 257.048 -5.2521
225.1 256.524 -5.24308
225.2 256.001 -5.23409
225.3 255.478 -5.2251
225.4 254.957 -5.21614
225.5 254.436 -5.20719
225.6 253.916 -5.19825
225.7 253.397 -5.18933
225.8 252.879 -5.18042
225.9 252.362 -5.17153
226 251.846 -5.16266
226.1 251.33 -5.1538
226.2 250.816 -5.14495
226.3 250.302 -5.13612
226.4 249.789 -5.12731
226.5 249.278 -5.11851
226.6 248.767 -5.10972
226.7 248.257 -5.10095
226.8 247.747 -5.0922
226.9 247.239 -5.08346
227 246.731 -5.07473
227.1 246.225 -5.06602
227.2 245.719 -5.05732
227.3 245.214 -5.04864
227.4 244.71 -5.03998
227.5 244.207 -5.03133
227.6 243.705 -5.02269
227.7 243.203 -5.01407
227.8 242.703 -5.00546
227.9 242.203 -4.99687
228 241.704 -4.98829
228.1 241.206 -4.97973
228.2 240.709 -4.97118
228.3 240.213 -4.96264
228.4 239.718 -4.95412
228.5 239.223 -4.94562
228.6 238.729 -4.93713
228.7 238.236 -4.92865
228.8 237.744 -4.92019
228.9 237.253 -4.91174
229 236.763 -4.90331
229.1 236.273 -4.89489
229.2 235.785 -4.88648
229.3 235.297 -4.87809
229.4 234.81 -4.86972
229.5 234.324 -4.86136
229.6 233.839 -4.85301
229.7 233.354 -4.84468
229.8 232.871 -4.83636
229.9 232.388 -4.82805
230 231.906 -4.81976
230.1 231.425 -4.81149
230.2 230.944 -4.80322
230.3 230.465 -4.79498
230.4 229.986 -4.78674
230.5 229.508 -4.77852
230.6 229.031 -4.77031
230.7 228.555 -4.76212
230.8 228.08 -4.75394
230.9 227.605 -4.74578
231 227.131 -4.73763
231.1 226.658 -4.72949
231.2 226.186 -4.72137
231.3 225.715 -4.71326
231.4 225.244 -4.70517
231.5 224.775 -4.69708
231.6 224.306 -4.68902
231.7 223.838 -4.68096
231.8 223.37 -4.67292
231.9 222.904 -4.6649
232 222.438 -4.65688
232.1 221.973 -4.64888
232.2 221.509 -4.6409
232.3 221.046 -4.63293
232.4 220.583 -4.62497
232.5 220.122 -4.61702
232.6 219.661 -4.60909
232.7 219.201 -4.60117
232.8 218.741 -4.59327
232.9 218.283 -4.58538
233 217.825 -4.5775
233.1 217.368 -4.56964
233.2 216.912 -4.56179
233.3 216.456 -4.55395
233.4 216.002 -4.54613
233.5 215.548 -4.53832
233.6 215.095 -4.53052
233.7 214.643 -4.52273
233.8 214.191 -4.51496
233.9 213.741 -4.50721
234 213.291 -4.49946
234.1 212.841 -4.49173
234.2 212.393 -4.48401
234.3 211.945 -4.47631
234.4 211.498 -4.46862
234.5 211.052 -4.46094
234.6 210.607 -4.45327
234.7 210.163 -4.44562
234.8 209.719 -4.43798
234.9 209.276 -4.43035
235 208.833 -4.42274
235.1 208.392 -4.41514
235.2 207.951 -4.40755
235.3 207.511 -4.39998
235.4 207.072 -4.39242
235.5 206.633 -4.38487
235.6 206.196 -4.37733
235.7 205.759 -4.36981
235.8 205.322 -4.3623
235.9 204.887 -4.3548
236 204.452 -4.34732
236.1 204.018 -4.33984
236.2 203.585 -4.33238
236.3 203.153 -4.32494
236.4 202.721 -4.3175
236.5 202.29 -4.31008
236.6 201.86 -4.30267
236.7 201.43 -4.29528
236.8 201.001 -4.28789
236.9 200.573 -4.28052
237 200.146 -4.27317
237.1 199.719 -4.26582
237.2 199.293 -4.25849
237.3 198.868 -4.25117
237.4 198.444 -4.24386
237.5 198.02 -4.23656
237.6 197.597 -4.22928
237.7 197.175 -4.22201
237.8 196.754 -4.21475
237.9 196.333 -4.2075
238 195.913 -4.20027
238.1 195.494 -4.19305
238.2 195.075 -4.18584
238.3 194.657 -4.17864
238.4 194.24 -4.17146
238.5 193.824 -4.16428
238.6 193.408 -4.15712
238.7 192.993 -4.14997
238.8 192.579 -4.14284
238.9 192.165 -4.13571
239 191.752 -4.1286
239.1 191.34 -4.1215
239.2 190.929 -4.11442
239.3 190.518 -4.10734
239.4 190.108 -4.10028
239.5 189.698 -4.09323
239.6 189.29 -4.08619
239.7 188.882 -4.07916
239.8 188.475 -4.07214
239.9 188.068 -4.06514
240 187.662 -4.05815
240.1 187.257 -4.05117
240.2 186.853 -4.0442
240.3 186.449 -4.03725
240.4 186.046 -4.0303
240.5 185.644 -4.02337
240.6 185.242 -4.01645
240.7 184.841 -4.00954
240.8 184.441 -4.00264
240.9 184.041 -3.99576
241 183.642 -3.98889
241.1 183.244 -3.98202
241.2 182.847 -3.97517
241.3 182.45 -3.96834
241.4 182.054 -3.96151
241.5 181.658 -3.95469
241.6 181.263 -3.94789
241.7 180.869 -3.9411
241.8 180.476 -3.93432
241.9 180.083 -3.92755
242 179.691 -3.92079
242.1 179.3 -3.91405
242.2 178.909 -3.90731
242.3 178.519 -3.90059
242.4 178.129 -3.89388
242.5 177.741 -3.88718
242.6 177.353 -3.88049
242.7 176.965 -3.87381
242.8 176.579 -3.86715
242.9 176.193 -3.86049
243 175.807 -3.85385
243.1 175.422 -3.84722
243.2 175.038 -3.8406
243.3 174.655 -3.83399
243.4 174.272 -3.82739
243.5 173.89 -3.8208
243.6 173.509 -3.81423
243.7 173.128 -3.80766
243.8 172.748 -3.80111
243.9 172.368 -3.79457
244 171.99 -3.78804
244.1 171.611 -3.78152
244.2 171.234 -3.77501
244.3 170.857 -3.76851
244.4 170.481 -3.76203
244.5 170.105 -3.75555
244.6 169.73 -3.74909
244.7 169.356 -3.74263
244.8 168.983 -3.73619
244.9 168.61 -3.72976
245 168.237 -3.72334
245.1 167.866 -3.71693
245.2 167.495 -3.71053
245.3 167.124 -3.70414
245.4 166.754 -3.69777
245.5 166.385 -3.6914
245.6 166.017 -3.68505
245.7 165.649 -3.6787
245.8 165.282 -3.67237
245.9 164.915 -3.66605
246 164.549 -3.65974
246.1 164.184 -3.65343
246.2 163.819 -3.64714
246.3 163.455 -3.64086
246.4 163.091 -3.6346
246.5 162.729 -3.62834
246.6 162.366 -3.62209
246.7 162.005 -3.61585
246.8 161.644 -3.60963
246.9 161.283 -3.60341
247 160.924 -3.59721
247.1 160.565 -3.59101
247.2 160.206 -3.58483
247.3 159.848 -3.57865
247.4 159.491 -3.57249
247.5 159.134 -3.56634
247.6 158.778 -3.5602
247.7 158.423 -3.55406
247.8 158.068 -3.54794
247.9 157.714 -3.54183
248 157.36 -3.53573
248.1 157.007 -3.52964
248.2 156.655 -3.52356
248.3 156.303 -3.51749
248.4 155.952 -3.51143
248.5 155.602 -3.50539
248.6 155.252 -3.49935
248.7 154.902 -3.49332
248.8 154.554 -3.4873
248.9 154.206 -3.4813
249 153.858 -3.4753
249.1 153.511 -3.46931
249.2 153.165 -3.46333
249.3 152.819 -3.45737
249.4 152.474 -3.45141
249.5 152.129 -3.44546
249.6 151.785 -3.43953
249.7 151.442 -3.4336
249.8 151.099 -3.42769
249.9 150.757 -3.42178
250 150.415 -3.41589
250.1 150.074 -3.41
250.2 149.734 -3.40412
250.3 149.394 -3.39826
250.4 149.055 -3.3924
250.5 148.716 -3.38656
250.6 148.378 -3.38072
250.7 148.041 -3.37489
250.8 147.704 -3.36908
250.9 147.368 -3.36327
251 147.032 -3.35748
251.1 146.697 -3.35169
251.2 146.362 -3.34591
251.3 146.028 -3.34015
251.4 145.695 -3.33439
251.5 145.362 -3.32864
251.6 145.029 -3.32291
251.7 144.698 -3.31718
251.8 144.367 -3.31146
251.9 144.036 -3.30575
252 143.706 -3.30006
252.1 143.377 -3.29437
252.2 143.048 -3.28869
252.3 142.719 -3.28302
252.4 142.392 -3.27736
252.5 142.064 -3.27171
252.6 141.738 -3.26607
252.7 141.412 -3.26044
252.8 141.086 -3.25482
252.9 140.761 -3.24921
253 140.437 -3.24361
253.1 140.113 -3.23801
253.2 139.79 -3.23243
253.3 139.467 -3.22686
253.4 139.145 -3.22129
253.5 138.824 -3.21574
253.6 138.503 -3.21019
253.7 138.182 -3.20466
253.8 137.862 -3.19913
253.9 137.543 -3.19362
254 137.224 -3.18811
254.1 136.906 -3.18261
254.2 136.588 -3.17712
254.3 136.271 -3.17164
254.4 135.954 -3.16617
254.5 135.638 -3.16071
254.6 135.323 -3.15526
254.7 135.008 -3.14982
254.8 134.693 -3.14439
254.9 134.379 -3.13896
255 134.066 -3.13355
255.1 133.753 -3.12815
255.2 133.441 -3.12275
255.3 133.129 -3.11736
255.4 132.818 -3.11199
255.5 132.507 -3.10662
255.6 132.197 -3.10126
255.7 131.888 -3.09591
255.8 131.579 -3.09057
255.9 131.27 -3.08524
256 130.962 -3.07991
256.1 130.655 -3.0746
256.2 130.348 -3.0693
256.3 130.041 -3.064
256.4 129.735 -3.05872
256.5 129.43 -3.05344
256.6 129.125 -3.04817
256.7 128.821 -3.04291
256.8 128.517 -3.03766
256.9 128.214 -3.03242
257 127.911 -3.02719
257.1 127.609 -3.02196
257.2 127.307 -3.01675
257.3 127.006 -3.01154
257.4 126.706 -3.00634
257.5 126.405 -3.00116
257.6 126.106 -2.99598
257.7 125.807 -2.99081
257.8 125.508 -2.98564
257.9 125.21 -2.98049
258 124.913 -2.97535
258.1 124.616 -2.97021
258.2 124.319 -2.96509
258.3 124.023 -2.95997
258.4 123.728 -2.95486
258.5 123.433 -2.94976
258.6 123.138 -2.94467
258.7 122.844 -2.93958
258.8 122.551 -2.93451
258.9 122.258 -2.92944
259 121.965 -2.92439
259.1 121.673 -2.91934
259.2 121.382 -2.9143
259.3 121.091 -2.90927
259.4 120.801 -2.90424
259.5 120.511 -2.89923
259.6 120.221 -2.89422
259.7 119.932 -2.88923
259.8 119.644 -2.88424
259.9 119.356 -2.87926
260 119.069 -2.87429
260.1 118.782 -2.86932
260.2 118.495 -2.86437
260.3 118.209 -2.85942
260.4 117.924 -2.85448
260.5 117.639 -2.84956
260.6 117.354 -2.84463
260.7 117.07 -2.83972
260.8 116.787 -2.83482
260.9 116.504 -2.82992
261 116.221 -2.82503
261.1 115.939 -2.82015
261.2 115.658 -2.81528
261.3 115.377 -2.81042
261.4 115.096 -2.80557
261.5 114.816 -2.80072
261.6 114.537 -2.79588
261.7 114.258 -2.79105
261.8 113.979 -2.78623
261.9 113.701 -2.78142
262 113.423 -2.77661
262.1 113.146 -2.77182
262.2 112.869 -2.76703
262.3 112.593 -2.76225
262.4 112.317 -2.75748
262.5 112.042 -2.75271
262.6 111.767 -2.74796
262.7 111.493 -2.74321
262.8 111.219 -2.73847
262.9 110.946 -2.73374
263 110.673 -2.72901
263.1 110.4 -2.7243
263.2 110.128 -2.71959
263.3 109.857 -2.71489
263.4 109.586 -2.7102
263.5 109.315 -2.70551
263.6 109.045 -2.70084
263.7 108.776 -2.69617
263.8 108.506 -2.69151
263.9 108.238 -2.68686
264 107.97 -2.68222
264.1 107.702 -2.67758
264.2 107.435 -2.67295
264.3 107.168 -2.66833
264.4 106.901 -2.66372
264.5 106.635 -2.65911
264.6 106.37 -2.65452
264.7 106.105 -2.64993
264.8 105.84 -2.64535
264.9 105.576 -2.64078
265 105.313 -2.63621
265.1 105.05 -2.63165
265.2 104.787 -2.6271
265.3 104.525 -2.62256
265.4 104.263 -2.61803
265.5 104.001 -2.6135
265.6 103.741 -2.60898
265.7 103.48 -2.60447
265.8 103.22 -2.59997
265.9 102.961 -2.59547
266 102.701 -2.59098
266.1 102.443 -2.5865
266.2 102.185 -2.58203
266.3 101.927 -2.57756
266.4 101.67 -2.57311
266.5 101.413 -2.56866
266.6 101.156 -2.56421
266.7 100.9 -2.55978
266.8 100.645 -2.55535
266.9 100.39 -2.55093
267 100.135 -2.54652
267.1 99.8808 -2.54212
267.2 99.627 -2.53772
267.3 99.3737 -2.53333
267.4 99.1208 -2.52895
267.5 98.8683 -2.52457
267.6 98.6163 -2.5202
267.7 98.3647 -2.51584
267.8 98.1136 -2.51149
267.9 97.8628 -2.50715
268 97.6126 -2.50281
268.1 97.3627 -2.49848
268.2 97.1133 -2.49416
268.3 96.8643 -2.48984
268.4 96.6158 -2.48553
268.5 96.3676 -2.48123
268.6 96.1199 -2.47694
268.7 95.8727 -2.47265
268.8 95.6258 -2.46837
268.9 95.3794 -2.4641
269 95.1334 -2.45984
269.1 94.8879 -2.45558
269.2 94.6428 -2.45133
269.3 94.398 -2.44709
269.4 94.1538 -2.44285
269.5 93.9099 -2.43862
269.6 93.6665 -2.4344
269.7 93.4234 -2.43019
269.8 93.1808 -2.42598
269.9 92.9387 -2.42178
270 92.6969 -2.41759
270.1 92.4556 -2.41341
270.2 92.2146 -2.40923
270.3 91.9741 -2.40506
270.4 91.734 -2.40089
270.5 91.4944 -2.39674
270.6 91.2551 -2.39259
270.7 91.0163 -2.38845
270.8 90.7778 -2.38431
270.9 90.5398 -2.38018
271 90.3022 -2.37606
271.1 90.065 -2.37195
271.2 89.8282 -2.36784
271.3 89.5919 -2.36374
271.4 89.3559 -2.35965
271.5 89.1203 -2.35556
271.6 88.8852 -2.35148
271.7 88.6504 -2.34741
271.8 88.4161 -2.34334
271.9 88.1822 -2.33928
272 87.9487 -2.33523
272.1 87.7155 -2.33119
272.2 87.4828 -2.32715
272.3 87.2505 -2.32312
272.4 87.0186 -2.3191
272.5 86.7871 -2.31508
272.6 86.556 -2.31107
272.7 86.3253 -2.30706
272.8 86.095 -2.30307
272.9 85.8651 -2.29908
273 85.6356 -2.29509
273.1 85.4065 -2.29112
273.2 85.1777 -2.28715
273.3 84.9494 -2.28319
273.4 84.7215 -2.27923
273.5 84.494 -2.27528
273.6 84.2668 -2.27134
273.7 84.0401 -2.2674
273.8 83.8137 -2.26347
273.9 83.5878 -2.25955
274 83.3622 -2.25564
274.1 83.1371 -2.25173
274.2 82.9123 -2.24782
274.3 82.6879 -2.24393
274.4 82.4639 -2.24004
274.5 82.2403 -2.23616
274.6 82.017 -2.23228
274.7 81.7942 -2.22841
274.8 81.5717 -2.22455
274.9 81.3497 -2.22069
275 81.128 -2.21684
275.1 80.9067 -2.213
275.2 80.6858 -2.20916
275.3 80.4652 -2.20533
275.4 80.2451 -2.20151
275.5 80.0253 -2.19769
275.6 79.8059 -2.19388
275.7 79.5869 -2.19008
275.8 79.3683 -2.18628
275.9 79.15 -2.18249
276 78.9322 -2.17871
276.1 78.7147 -2.17493
276.2 78.4976 -2.17116
276.3 78.2808 -2.16739
276.4 78.0645 -2.16363
276.5 77.8485 -2.15988
276.6 77.6329 -2.15614
276.7 77.4176 -2.1524
276.8 77.2027 -2.14866
276.9 76.9883 -2.14494
277 76.7741 -2.14122
277.1 76.5604 -2.1375
277.2 76.347 -2.1338
277.3 76.134 -2.13009
277.4 75.9214 -2.1264
277.5 75.7091 -2.12271
277.6 75.4972 -2.11903
277.7 75.2856 -2.11535
277.8 75.0745 -2.11168
277.9 74.8637 -2.10802
278 74.6532 -2.10436
278.1 74.4432 -2.10071
278.2 74.2335 -2.09706
278.3 74.0241 -2.09343
278.4 73.8151 -2.08979
278.5 73.6065 -2.08617
278.6 73.3983 -2.08255
278.7 73.1904 -2.07893
278.8 72.9828 -2.07532
278.9 72.7757 -2.07172
279 72.5689 -2.06813
279.1 72.3624 -2.06454
279.2 72.1563 -2.06095
279.3 71.9506 -2.05738
279.4 71.7452 -2.05381
279.5 71.5402 -2.05024
279.6 71.3355 -2.04668
279.7 71.1312 -2.04313
279.8 70.9272 -2.03958
279.9 70.7236 -2.03604
280 70.5204 -2.03251
280.1 70.3175 -2.02898
280.2 70.1149 -2.02546
280.3 69.9127 -2.02194
280.4 69.7109 -2.01843
280.5 69.5094 -2.01492
280.6 69.3083 -2.01142
280.7 69.1075 -2.00793
280.8 68.907 -2.00444
280.9 68.7069 -2.00096
281 68.5072 -1.99749
281.1 68.3078 -1.99402
281.2 68.1087 -1.99056
281.3 67.91 -1.9871
281.4 67.7116 -1.98365
281.5 67.5136 -1.9802
281.6 67.3159 -1.97676
281.7 67.1186 -1.97333
281.8 66.9216 -1.9699
281.9 66.725 -1.96648
282 66.5287 -1.96306
282.1 66.3327 -1.95965
282.2 66.1371 -1.95625
282.3 65.9418 -1.95285
282.4 65.7468 -1.94946
282.5 65.5522 -1.94607
282.6 65.358 -1.94269
282.7 65.164 -1.93931
282.8 64.9704 -1.93594
282.9 64.7772 -1.93258
283 64.5843 -1.92922
283.1 64.3917 -1.92587
283.2 64.1994 -1.92252
283.3 64.0075 -1.91918
283.4 63.8159 -1.91584
283.5 63.6247 -1.91251
283.6 63.4338 -1.90919
283.7 63.2432 -1.90587
283.8 63.0529 -1.90256
283.9 62.863 -1.89925
284 62.6734 -1.89595
284.1 62.4841 -1.89265
284.2 62.2952 -1.88936
284.3 62.1066 -1.88608
284.4 61.9183 -1.8828
284.5 61.7303 -1.87953
284.6 61.5427 -1.87626
284.7 61.3554 -1.873
284.8 61.1684 -1.86974
284.9 60.9818 -1.86649
285 60.7955 -1.86324
285.1 60.6095 -1.86
285.2 60.4238 -1.85677
285.3 60.2384 -1.85354
285.4 60.0534 -1.85031
285.5 59.8687 -1.8471
285.6 59.6843 -1.84388
285.7 59.5002 -1.84068
285.8 59.3165 -1.83747
285.9 59.1331 -1.83428
286 58.95 -1.83109
286.1 58.7672 -1.8279
286.2 58.5847 -1.82472
286.3 58.4025 -1.82155
286.4 58.2207 -1.81838
286.5 58.0392 -1.81521
286.6 57.858 -1.81206
286.7 57.6771 -1.8089
286.8 57.4965 -1.80576
286.9 57.3163 -1.80261
287 57.1363 -1.79948
287.1 56.9567 -1.79635
287.2 56.7773 -1.79322
287.3 56.5983 -1.7901
287.4 56.4196 -1.78698
287.5 56.2413 -1.78387
287.6 56.0632 -1.78077
287.7 55.8854 -1.77767
287.8 55.708 -1.77457
287.9 55.5308 -1.77148
288 55.354 -1.7684
288.1 55.1774 -1.76532
288.2 55.0012 -1.76225
288.3 54.8253 -1.75918
288.4 54.6497 -1.75612
288.5 54.4744 -1.75306
288.6 54.2994 -1.75001
288.7 54.1247 -1.74696
288.8 53.9503 -1.74392
288.9 53.7762 -1.74088
289 53.6024 -1.73785
289.1 53.4289 -1.73482
289.2 53.2557 -1.7318
289.3 53.0829 -1.72879
289.4 52.9103 -1.72578
289.5 52.738 -1.72277
289.6 52.566 -1.71977
289.7 52.3944 -1.71677
289.8 52.223 -1.71378
289.9 52.0519 -1.7108
290 51.8811 -1.70782
290.1 51.7106 -1.70484
290.2 51.5404 -1.70187
290.3 51.3706 -1.69891
290.4 51.201 -1.69595
290.5 51.0317 -1.69299
290.6 50.8627 -1.69004
290.7 50.6939 -1.6871
290.8 50.5255 -1.68416
290.9 50.3574 -1.68122
291 50.1896 -1.67829
291.1 50.022 -1.67537
291.2 49.8548 -1.67245
291.3 49.6878 -1.66953
291.4 49.5212 -1.66662
291.5 49.3548 -1.66372
291.6 49.1887 -1.66082
291.7 49.0229 -1.65792
291.8 48.8574 -1.65503
291.9 48.6922 -1.65215
292 48.5273 -1.64927
292.1 48.3627 -1.64639
292.2 48.1983 -1.64352
292.3 48.0342 -1.64066
292.4 47.8705 -1.6378
292.5 47.707 -1.63494
292.6 47.5438 -1.63209
292.7 47.3808 -1.62924
292.8 47.2182 -1.6264
292.9 47.0558 -1.62357
293 46.8938 -1.62073
293.1 46.732 -1.61791
293.2 46.5705 -1.61509
293.3 46.4092 -1.61227
293.4 46.2483 -1.60946
293.5 46.0876 -1.60665
293.6 45.9272 -1.60385
293.7 45.7671 -1.60105
293.8 45.6073 -1.59825
293.9 45.4478 -1.59547
294 45.2885 -1.59268
294.1 45.1295 -1.5899
294.2 44.9708 -1.58713
294.3 44.8124 -1.58436
294.4 44.6542 -1.5816
294.5 44.4963 -1.57884
294.6 44.3387 -1.57608
294.7 44.1814 -1.57333
294.8 44.0243 -1.57058
294.9 43.8675 -1.56784
295 43.711 -1.56511
295.1 43.5548 -1.56237
295.2 43.3988 -1.55965
295.3 43.2431 -1.55692
295.4 43.0877 -1.55421
295.5 42.9326 -1.55149
295.6 42.7777 -1.54878
295.7 42.6231 -1.54608
295.8 42.4687 -1.54338
295.9 42.3147 -1.54069
296 42.1609 -1.538
296.1 42.0073 -1.53531
296.2 41.8541 -1.53263
296.3 41.7011 -1.52995
296.4 41.5483 -1.52728
296.5 41.3959 -1.52461
296.6 41.2437 -1.52195
296.7 41.0918 -1.51929
296.8 40.9401 -1.51664
296.9 40.7887 -1.51399
297 40.6376 -1.51135
297.1 40.4867 -1.50871
297.2 40.3361 -1.50607
297.3 40.1857 -1.50344
297.4 40.0357 -1.50081
297.5 39.8858 -1.49819
297.6 39.7363 -1.49557
297.7 39.587 -1.49296
297.8 39.4379 -1.49035
297.9 39.2892 -1.48775
298 39.1407 -1.48515
298.1 38.9924 -1.48255
298.2 38.8444 -1.47996
298.3 38.6967 -1.47737
298.4 38.5492 -1.47479
298.5 38.402 -1.47221
298.6 38.255 -1.46964
298.7 38.1083 -1.46707
298.8 37.9618 -1.4645
298.9 37.8157 -1.46194
299 37.6697 -1.45939
299.1 37.524 -1.45684
299.2 37.3786 -1.45429
299.3 37.2334 -1.45175
299.4 37.0885 -1.44921
299.5 36.9438 -1.44667
299.6 36.7994 -1.44414
299.7 36.6553 -1.44162
299.8 36.5114 -1.4391
299.9 36.3677 -1.43658
300 36.2243 -1.43407
300.1 36.0811 -1.43156
300.2 35.9382 -1.42906
300.3 35.7956 -1.42656
300.4 35.6532 -1.42406
300.5 35.511 -1.42157
300.6 35.3691 -1.41908
300.7 35.2274 -1.4166
300.8 35.086 -1.41412
300.9 34.9449 -1.41165
301 34.8039 -1.40918
301.1 34.6633 -1.40671
301.2 34.5229 -1.40425
301.3 34.3827 -1.40179
301.4 34.2427 -1.39934
301.5 34.103 -1.39689
301.6 33.9636 -1.39444
301.7 33.8244 -1.392
301.8 33.6854 -1.38957
301.9 33.5467 -1.38713
302 33.4083 -1.38471
302.1 33.27 -1.38228
302.2 33.132 -1.37986
302.3 32.9943 -1.37745
302.4 32.8568 -1.37503
302.5 32.7195 -1.37263
302.6 32.5825 -1.37022
302.7 32.4457 -1.36782
302.8 32.3092 -1.36543
302.9 32.1729 -1.36304
303 32.0368 -1.36065
303.1 31.901 -1.35827
303.2 31.7654 -1.35589
303.3 31.6301 -1.35351
303.4 31.4949 -1.35114
303.5 31.3601 -1.34877
303.6 31.2254 -1.34641
303.7 31.091 -1.34405
303.8 30.9568 -1.3417
303.9 30.8229 -1.33935
304 30.6892 -1.337
304.1 30.5557 -1.33466
304.2 30.4225 -1.33232
304.3 30.2895 -1.32998
304.4 30.1568 -1.32765
304.5 30.0242 -1.32533
304.6 29.8919 -1.323
304.7 29.7599 -1.32068
304.8 29.628 -1.31837
304.9 29.4964 -1.31606
305 29.365 -1.31375
305.1 29.2339 -1.31145
305.2 29.103 -1.30915
305.3 28.9723 -1.30685
305.4 28.8418 -1.30456
305.5 28.7116 -1.30227
305.6 28.5816 -1.29999
305.7 28.4518 -1.29771
305.8 28.3223 -1.29544
305.9 28.193 -1.29316
306 28.0639 -1.2909
306.1 27.935 -1.28863
306.2 27.8064 -1.28637
306.3 27.678 -1.28412
306.4 27.5498 -1.28186
306.5 27.4218 -1.27961
306.6 27.2941 -1.27737
306.7 27.1666 -1.27513
306.8 27.0393 -1.27289
306.9 26.9122 -1.27066
307 26.7854 -1.26843
307.1 26.6588 -1.2662
307.2 26.5324 -1.26398
307.3 26.4062 -1.26176
307.4 26.2802 -1.25955
307.5 26.1545 -1.25734
307.6 26.029 -1.25513
307.7 25.9037 -1.25293
307.8 25.7786 -1.25073
307.9 25.6538 -1.24853
308 25.5291 -1.24634
308.1 25.4047 -1.24415
308.2 25.2805 -1.24197
308.3 25.1565 -1.23979
308.4 25.0328 -1.23761
308.5 24.9092 -1.23544
308.6 24.7859 -1.23327
308.7 24.6628 -1.2311
308.8 24.5399 -1.22894
308.9 24.4172 -1.22678
309 24.2948 -1.22463
309.1 24.1725 -1.22247
309.2 24.0505 -1.22033
309.3 23.9287 -1.21818
309.4 23.8071 -1.21604
309.5 23.6857 -1.21391
309.6 23.5645 -1.21177
309.7 23.4435 -1.20965
309.8 23.3228 -1.20752
309.9 23.2022 -1.2054
310 23.0819 -1.20328
310.1 22.9618 -1.20117
310.2 22.8419 -1.19905
310.3 22.7222 -1.19695
310.4 22.6027 -1.19484
310.5 22.4834 -1.19274
310.6 22.3644 -1.19065
310.7 22.2455 -1.18855
310.8 22.1269 -1.18646
310.9 22.0084 -1.18438
311 21.8902 -1.1823
311.1 21.7722 -1.18022
311.2 21.6544 -1.17814
311.3 21.5368 -1.17607
311.4 21.4194 -1.174
311.5 21.3022 -1.17194
311.6 21.1852 -1.16988
311.7 21.0684 -1.16782
311.8 20.9518 -1.16576
311.9 20.8354 -1.16371
312 20.7193 -1.16167
312.1 20.6033 -1.15962
312.2 20.4876 -1.15758
312.3 20.372 -1.15555
312.4 20.2567 -1.15351
312.5 20.1415 -1.15148
312.6 20.0266 -1.14946
312.7 19.9118 -1.14743
312.8 19.7973 -1.14541
312.9 19.6829 -1.1434
313 19.5688 -1.14139
313.1 19.4549 -1.13938
313.2 19.3411 -1.13737
313.3 19.2276 -1.13537
313.4 19.1142 -1.13337
313.5 19.0011 -1.13138
313.6 18.8882 -1.12938
313.7 18.7754 -1.12739
313.8 18.6629 -1.12541
313.9 18.5505 -1.12343
314 18.4384 -1.12145
314.1 18.3265 -1.11947
314.2 18.2147 -1.1175
314.3 18.1032 -1.11553
314.4 17.9918 -1.11357
314.5 17.8806 -1.11161
314.6 17.7697 -1.10965
314.7 17.6589 -1.1077
314.8 17.5483 -1.10574
314.9 17.4379 -1.1038
315 17.3278 -1.10185
315.1 17.2178 -1.09991
315.2 17.108 -1.09797
315.3 16.9984 -1.09604
315.4 16.889 -1.0941
315.5 16.7797 -1.09218
315.6 16.6707 -1.09025
315.7 16.5619 -1.08833
315.8 16.4532 -1.08641
315.9 16.3448 -1.0845
316 16.2365 -1.08258
316.1 16.1285 -1.08068
316.2 16.0206 -1.07877
316.3 15.9129 -1.07687
316.4 15.8054 -1.07497
316.5 15.6981 -1.07307
316.6 15.591 -1.07118
316.7 15.4841 -1.06929
316.8 15.3773 -1.06741
316.9 15.2708 -1.06552
317 15.1644 -1.06364
317.1 15.0582 -1.06177
317.2 14.9522 -1.05989
317.3 14.8464 -1.05802
317.4 14.7408 -1.05616
317.5 14.6354 -1.05429
317.6 14.5301 -1.05243
317.7 14.4251 -1.05058
317.8 14.3202 -1.04872
317.9 14.2155 -1.04687
318 14.111 -1.04502
318.1 14.0067 -1.04318
318.2 13.9026 -1.04134
318.3 13.7986 -1.0395
318.4 13.6949 -1.03766
318.5 13.5913 -1.03583
318.6 13.4879 -1.034
318.7 13.3847 -1.03218
318.8 13.2816 -1.03036
318.9 13.1788 -1.02854
319 13.0761 -1.02672
319.1 12.9736 -1.02491
319.2 12.8713 -1.0231
319.3 12.7692 -1.02129
319.4 12.6672 -1.01948
319.5 12.5654 -1.01768
319.6 12.4639 -1.01589
319.7 12.3624 -1.01409
319.8 12.2612 -1.0123
319.9 12.1602 -1.01051
320 12.0593 -1.00873
320.1 11.9586 -1.00694
320.2 11.8581 -1.00516
320.3 11.7577 -1.00339
320.4 11.6576 -1.00161
320.5 11.5576 -0.999843
320.6 11.4578 -0.998075
320.7 11.3582 -0.996311
320.8 11.2587 -0.99455
320.9 11.1594 -0.992791
321 11.0603 -0.991036
321.1 10.9614 -0.989284
321.2 10.8626 -0.987534
321.3 10.7641 -0.985788
321.4 10.6657 -0.984044
321.5 10.5674 -0.982304
321.6 10.4694 -0.980567
321.7 10.3715 -0.978832
321.8 10.2738 -0.977101
321.9 10.1762 -0.975372
322 10.0789 -0.973646
322.1 9.98168 -0.971924
322.2 9.88466 -0.970204
322.3 9.78781 -0.968487
322.4 9.69114 -0.966773
322.5 9.59463 -0.965062
322.6 9.49829 -0.963354
322.7 9.40213 -0.961649
322.8 9.30613 -0.959947
322.9 9.21031 -0.958248
323 9.11465 -0.956551
323.1 9.01917 -0.954858
323.2 8.92385 -0.953167
323.3 8.8287 -0.95148
323.4 8.73372 -0.949795
323.5 8.63891 -0.948113
323.6 8.54427 -0.946434
323.7 8.44979 -0.944758
323.8 8.35549 -0.943084
323.9 8.26134 -0.941414
324 8.16737 -0.939746
324.1 8.07356 -0.938081
324.2 7.97992 -0.936419
324.3 7.88644 -0.93476
324.4 7.79313 -0.933104
324.5 7.69999 -0.931451
324.6 7.60701 -0.9298
324.7 7.51419 -0.928152
324.8 7.42154 -0.926507
324.9 7.32906 -0.924865
325 7.23673 -0.923226
325.1 7.14457 -0.921589
325.2 7.05258 -0.919955
325.3 6.96075 -0.918324
325.4 6.86908 -0.916696
325.5 6.77757 -0.915071
325.6 6.68622 -0.913448
325.7 6.59504 -0.911828
325.8 6.50402 -0.910211
325.9 6.41316 -0.908597
326 6.32246 -0.906985
326.1 6.23192 -0.905376
326.2 6.14155 -0.90377
326.3 6.05133 -0.902167
326.4 5.96127 -0.900566
326.5 5.87138 -0.898969
326.6 5.78164 -0.897373
326.7 5.69206 -0.895781
326.8 5.60264 -0.894191
326.9 5.51338 -0.892604
327 5.42428 -0.89102
327.1 5.33534 -0.889438
327.2 5.24655 -0.88786
327.3 5.15792 -0.886283
327.4 5.06945 -0.88471
327.5 4.98114 -0.883139
327.6 4.89298 -0.881571
327.7 4.80498 -0.880006
327.8 4.71714 -0.878443
327.9 4.62945 -0.876883
328 4.54191 -0.875325
328.1 4.45454 -0.873771
328.2 4.36732 -0.872219
328.3 4.28025 -0.870669
328.4 4.19334 -0.869122
328.5 4.10658 -0.867578
328.6 4.01997 -0.866037
328.7 3.93353 -0.864498
328.8 3.84723 -0.862961
328.9 3.76109 -0.861428
329 3.6751 -0.859897
329.1 3.58926 -0.858368
329.2 3.50358 -0.856843
329.3 3.41804 -0.855319
329.4 3.33266 -0.853799
329.5 3.24744 -0.852281
329.6 3.16236 -0.850765
329.7 3.07743 -0.849253
329.8 2.99266 -0.847742
329.9 2.90804 -0.846235
330 2.82356 -0.84473
330.1 2.73924 -0.843227
330.2 2.65507 -0.841727
330.3 2.57104 -0.84023
330.4 2.48717 -0.838735
330.5 2.40345 -0.837243
330.6 2.31987 -0.835753
330.7 2.23644 -0.834266
330.8 2.15317 -0.832781
330.9 2.07004 -0.831299
331 1.98705 -0.82982
331.1 1.90422 -0.828343
331.2 1.82153 -0.826868
331.3 1.73899 -0.825396
331.4 1.6566 -0.823927
331.5 1.57436 -0.82246
331.6 1.49226 -0.820995
331.7 1.4103 -0.819533
331.8 1.3285 -0.818074
331.9 1.24683 -0.816617
332 1.16532 -0.815162
332.1 1.08395 -0.81371
332.2 1.00272 -0.812261
332.3 0.921639 -0.810814
332.4 0.840702 -0.809369
332.5 0.759909 -0.807927
332.6 0.67926 -0.806488
332.7 0.598755 -0.805051
332.8 0.518394 -0.803616
332.9 0.438175 -0.802184
