write1.4 9996.1 -5.19994
1.5 9995.54 -5.57126
1.6 9994.95 -5.94256
1.7 9994.32 -6.31384
1.8 9993.65 -6.6851
1.9 9992.94 -7.05632
2 9992.2 -7.42753
2.1 9991.42 -7.7987
2.2 9990.6 -8.16984
2.3 9989.75 -8.54095
2.4 9988.86 -8.91203
2.5 9987.93 -9.28307
2.6 9986.96 -9.65408
2.7 9985.96 -10.025
2.8 9984.92 -10.396
2.9 9983.85 -10.7669
3 9982.73 -11.1377
3.1 9981.58 -11.5085
3.2 9980.39 -11.8793
3.3 9979.17 -12.25
3.4 9977.91 -12.6206
3.5 9976.61 -12.9913
3.6 9975.27 -13.3618
3.7 9973.9 -13.7323
3.8 9972.49 -14.1028
3.9 9971.04 -14.4732
4 9969.56 -14.8435
4.1 9968.03 -15.2138
4.2 9966.48 -15.584
4.3 9964.88 -15.9542
4.4 9963.25 -16.3243
4.5 9961.58 -16.6943
4.6 9959.87 -17.0643
4.7 9958.13 -17.4342
4.8 9956.35 -17.8041
4.9 9954.53 -18.1738
5 9952.68 -18.5435
5.1 9950.79 -18.9131
5.2 9948.86 -19.2827
5.3 9946.89 -19.6521
5.4 9944.89 -20.0215
5.5 9942.85 -20.3909
5.6 9940.77 -20.7601
5.7 9938.66 -21.1292
5.8 9936.51 -21.4983
5.9 9934.32 -21.8673
6 9932.1 -22.2362
6.1 9929.84 -22.605
6.2 9927.54 -22.9737
6.3 9925.21 -23.3423
6.4 9922.84 -23.7109
6.5 9920.43 -24.0793
6.6 9917.99 -24.4476
6.7 9915.5 -24.8159
6.8 9912.99 -25.184
6.9 9910.43 -25.5521
7 9907.84 -25.92
7.1 9905.21 -26.2879
7.2 9902.54 -26.6556
7.3 9899.84 -27.0232
7.4 9897.1 -27.3908
7.5 9894.33 -27.7582
7.6 9891.51 -28.1255
7.7 9888.66 -28.4927
7.8 9885.78 -28.8598
7.9 9882.86 -29.2267
8 9879.9 -29.5936
8.1 9876.9 -29.9603
8.2 9873.87 -30.3269
8.3 9870.8 -30.6934
8.4 9867.69 -31.0598
8.5 9864.55 -31.426
8.6 9861.37 -31.7921
8.7 9858.16 -32.1581
8.8 9854.9 -32.524
8.9 9851.61 -32.8897
9 9848.29 -33.2553
9.1 9844.93 -33.6208
9.2 9841.53 -33.9861
9.3 9838.09 -34.3513
9.4 9834.62 -34.7164
9.5 9831.11 -35.0813
9.6 9827.57 -35.4461
9.7 9823.99 -35.8107
9.8 9820.37 -36.1752
9.9 9816.72 -36.5396
10 9813.03 -36.9038
10.1 9809.3 -37.2678
10.2 9805.54 -37.6318
10.3 9801.74 -37.9955
10.4 9797.9 -38.3591
10.5 9794.03 -38.7226
10.6 9790.12 -39.0859
10.7 9786.17 -39.449
10.8 9782.19 -39.812
10.9 9778.18 -40.1748
11 9774.12 -40.5374
11.1 9770.03 -40.8999
11.2 9765.91 -41.2623
11.3 9761.74 -41.6244
11.4 9757.54 -41.9864
11.5 9753.31 -42.3483
11.6 9749.04 -42.7099
11.7 9744.73 -43.0714
11.8 9740.39 -43.4327
11.9 9736.01 -43.7938
12 9731.59 -44.1548
12.1 9727.14 -44.5156
12.2 9722.65 -44.8762
12.3 9718.13 -45.2366
12.4 9713.57 -45.5968
12.5 9708.97 -45.9569
12.6 9704.34 -46.3167
12.7 9699.68 -46.6764
12.8 9694.97 -47.0359
12.9 9690.23 -47.3952
13 9685.46 -47.7543
13.1 9680.65 -48.1132
13.2 9675.8 -48.4719
13.3 9670.92 -48.8305
13.4 9666 -49.1888
13.5 9661.04 -49.5469
13.6 9656.05 -49.9048
13.7 9651.03 -50.2626
13.8 9645.96 -50.6201
13.9 9640.87 -50.9774
14 9635.73 -51.3345
14.1 9630.56 -51.6914
14.2 9625.36 -52.0481
14.3 9620.12 -52.4045
14.4 9614.84 -52.7608
14.5 9609.53 -53.1168
14.6 9604.18 -53.4727
14.7 9598.8 -53.8283
14.8 9593.38 -54.1837
14.9 9587.93 -54.5388
15 9582.44 -54.8938
15.1 9576.91 -55.2485
15.2 9571.35 -55.603
15.3 9565.76 -55.9573
15.4 9560.13 -56.3113
15.5 9554.46 -56.6651
15.6 9548.76 -57.0187
15.7 9543.02 -57.372
15.8 9537.25 -57.7252
15.9 9531.44 -58.078
16 9525.6 -58.4307
16.1 9519.72 -58.7831
16.2 9513.81 -59.1352
16.3 9507.86 -59.4871
16.4 9501.87 -59.8388
16.5 9495.85 -60.1902
16.6 9489.8 -60.5414
16.7 9483.71 -60.8923
16.8 9477.59 -61.243
16.9 9471.43 -61.5934
17 9465.23 -61.9436
17.1 9459 -62.2935
17.2 9452.74 -62.6432
17.3 9446.44 -62.9926
17.4 9440.11 -63.3417
17.5 9433.74 -63.6906
17.6 9427.33 -64.0392
17.7 9420.89 -64.3876
17.8 9414.42 -64.7356
17.9 9407.91 -65.0835
18 9401.37 -65.431
18.1 9394.79 -65.7783
18.2 9388.18 -66.1253
18.3 9381.53 -66.472
18.4 9374.85 -66.8185
18.5 9368.13 -67.1647
18.6 9361.38 -67.5106
18.7 9354.6 -67.8562
18.8 9347.78 -68.2016
18.9 9340.92 -68.5466
19 9334.03 -68.8914
19.1 9327.11 -69.2359
19.2 9320.15 -69.5801
19.3 9313.16 -69.924
19.4 9306.13 -70.2676
19.5 9299.07 -70.6109
19.6 9291.97 -70.954
19.7 9284.84 -71.2967
19.8 9277.68 -71.6392
19.9 9270.48 -71.9813
20 9263.25 -72.3232
20.1 9255.98 -72.6647
20.2 9248.68 -73.0059
20.3 9241.35 -73.3469
20.4 9233.98 -73.6875
20.5 9226.58 -74.0278
20.6 9219.14 -74.3678
20.7 9211.67 -74.7075
20.8 9204.17 -75.0469
20.9 9196.63 -75.386
21 9189.05 -75.7247
21.1 9181.45 -76.0632
21.2 9173.81 -76.4013
21.3 9166.13 -76.7391
21.4 9158.43 -77.0766
21.5 9150.68 -77.4137
21.6 9142.91 -77.7506
21.7 9135.1 -78.0871
21.8 9127.26 -78.4232
21.9 9119.38 -78.7591
22 9111.47 -79.0946
22.1 9103.53 -79.4298
22.2 9095.55 -79.7646
22.3 9087.54 -80.0991
22.4 9079.5 -80.4333
22.5 9071.42 -80.7671
22.6 9063.31 -81.1006
22.7 9055.17 -81.4337
22.8 9046.99 -81.7665
22.9 9038.78 -82.099
23 9030.54 -82.4311
23.1 9022.26 -82.7629
23.2 9013.95 -83.0943
23.3 9005.61 -83.4253
23.4 8997.24 -83.756
23.5 8988.83 -84.0864
23.6 8980.39 -84.4164
23.7 8971.91 -84.746
23.8 8963.4 -85.0753
23.9 8954.86 -85.4042
24 8946.29 -85.7328
24.1 8937.68 -86.0609
24.2 8929.05 -86.3888
24.3 8920.37 -86.7162
24.4 8911.67 -87.0433
24.5 8902.93 -87.37
24.6 8894.16 -87.6963
24.7 8885.36 -88.0223
24.8 8876.53 -88.3479
24.9 8867.66 -88.6731
25 8858.76 -88.9979
25.1 8849.83 -89.3224
25.2 8840.86 -89.6465
25.3 8831.87 -89.9701
25.4 8822.84 -90.2934
25.5 8813.77 -90.6164
25.6 8804.68 -90.9389
25.7 8795.55 -91.261
25.8 8786.4 -91.5828
25.9 8777.21 -91.9041
26 8767.98 -92.2251
26.1 8758.73 -92.5456
26.2 8749.44 -92.8658
26.3 8740.12 -93.1856
26.4 8730.77 -93.5049
26.5 8721.39 -93.8239
26.6 8711.98 -94.1424
26.7 8702.53 -94.4606
26.8 8693.05 -94.7783
26.9 8683.54 -95.0957
27 8674 -95.4126
27.1 8664.43 -95.7291
27.2 8654.82 -96.0452
27.3 8645.19 -96.3609
27.4 8635.52 -96.6762
27.5 8625.82 -96.991
27.6 8616.09 -97.3054
27.7 8606.33 -97.6195
27.8 8596.54 -97.933
27.9 8586.71 -98.2462
28 8576.85 -98.5589
28.1 8566.97 -98.8712
28.2 8557.05 -99.1831
28.3 8547.1 -99.4946
28.4 8537.12 -99.8056
28.5 8527.11 -100.116
28.6 8517.07 -100.426
28.7 8506.99 -100.736
28.8 8496.89 -101.045
28.9 8486.75 -101.354
29 8476.59 -101.663
29.1 8466.39 -101.97
29.2 8456.16 -102.278
29.3 8445.9 -102.585
29.4 8435.61 -102.892
29.5 8425.29 -103.198
29.6 8414.94 -103.503
29.7 8404.56 -103.809
29.8 8394.15 -104.114
29.9 8383.71 -104.418
30 8373.24 -104.722
30.1 8362.73 -105.025
30.2 8352.2 -105.328
30.3 8341.64 -105.631
30.4 8331.04 -105.933
30.5 8320.42 -106.234
30.6 8309.77 -106.535
30.7 8299.08 -106.836
30.8 8288.37 -107.136
30.9 8277.63 -107.436
31 8266.85 -107.735
31.1 8256.05 -108.034
31.2 8245.22 -108.332
31.3 8234.35 -108.63
31.4 8223.46 -108.927
31.5 8212.54 -109.224
31.6 8201.59 -109.521
31.7 8190.61 -109.816
31.8 8179.59 -110.112
31.9 8168.55 -110.407
32 8157.48 -110.701
32.1 8146.38 -110.995
32.2 8135.25 -111.288
32.3 8124.1 -111.581
32.4 8112.91 -111.874
32.5 8101.69 -112.166
32.6 8090.45 -112.457
32.7 8079.17 -112.748
32.8 8067.87 -113.039
32.9 8056.54 -113.329
33 8045.17 -113.618
33.1 8033.78 -113.907
33.2 8022.36 -114.196
33.3 8010.91 -114.483
33.4 7999.44 -114.771
33.5 7987.93 -115.058
33.6 7976.4 -115.344
33.7 7964.83 -115.63
33.8 7953.24 -115.915
33.9 7941.62 -116.2
34 7929.97 -116.485
34.1 7918.3 -116.768
34.2 7906.59 -117.052
34.3 7894.86 -117.335
34.4 7883.1 -117.617
34.5 7871.31 -117.898
34.6 7859.49 -118.18
34.7 7847.64 -118.46
34.8 7835.77 -118.74
34.9 7823.87 -119.02
35 7811.94 -119.299
35.1 7799.98 -119.578
35.2 7787.99 -119.856
35.3 7775.98 -120.133
35.4 7763.94 -120.41
35.5 7751.87 -120.686
35.6 7739.78 -120.962
35.7 7727.65 -121.238
35.8 7715.5 -121.512
35.9 7703.32 -121.787
36 7691.12 -122.06
36.1 7678.88 -122.333
36.2 7666.62 -122.606
36.3 7654.33 -122.878
36.4 7642.02 -123.149
36.5 7629.68 -123.42
36.6 7617.31 -123.691
36.7 7604.91 -123.96
36.8 7592.49 -124.23
36.9 7580.04 -124.498
37 7567.56 -124.766
37.1 7555.06 -125.034
37.2 7542.53 -125.301
37.3 7529.97 -125.567
37.4 7517.39 -125.833
37.5 7504.78 -126.098
37.6 7492.14 -126.363
37.7 7479.48 -126.627
37.8 7466.79 -126.891
37.9 7454.08 -127.154
38 7441.33 -127.416
38.1 7428.57 -127.678
38.2 7415.77 -127.939
38.3 7402.95 -128.2
38.4 7390.11 -128.46
38.5 7377.23 -128.719
38.6 7364.34 -128.978
38.7 7351.41 -129.237
38.8 7338.46 -129.494
38.9 7325.49 -129.752
39 7312.49 -130.008
39.1 7299.46 -130.264
39.2 7286.41 -130.52
39.3 7273.33 -130.774
39.4 7260.23 -131.029
39.5 7247.1 -131.282
39.6 7233.95 -131.535
39.7 7220.77 -131.787
39.8 7207.56 -132.039
39.9 7194.34 -132.29
40 7181.08 -132.541
40.1 7167.8 -132.791
40.2 7154.5 -133.04
40.3 7141.17 -133.289
40.4 7127.82 -133.537
40.5 7114.44 -133.785
40.6 7101.03 -134.032
40.7 7087.61 -134.278
40.8 7074.15 -134.524
40.9 7060.68 -134.769
41 7047.17 -135.013
41.1 7033.65 -135.257
41.2 7020.1 -135.501
41.3 7006.52 -135.743
41.4 6992.93 -135.985
41.5 6979.3 -136.227
41.6 6965.66 -136.467
41.7 6951.99 -136.707
41.8 6938.29 -136.947
41.9 6924.57 -137.186
42 6910.83 -137.424
42.1 6897.06 -137.662
42.2 6883.27 -137.899
42.3 6869.46 -138.135
42.4 6855.62 -138.371
42.5 6841.76 -138.606
42.6 6827.88 -138.84
42.7 6813.97 -139.074
42.8 6800.04 -139.307
42.9 6786.09 -139.54
43 6772.11 -139.772
43.1 6758.11 -140.003
43.2 6744.09 -140.234
43.3 6730.04 -140.463
43.4 6715.97 -140.693
43.5 6701.88 -140.921
43.6 6687.76 -141.149
43.7 6673.63 -141.377
43.8 6659.47 -141.604
43.9 6645.28 -141.83
44 6631.08 -142.055
44.1 6616.85 -142.28
44.2 6602.6 -142.504
44.3 6588.33 -142.727
44.4 6574.03 -142.95
44.5 6559.71 -143.172
44.6 6545.37 -143.394
44.7 6531.01 -143.614
44.8 6516.63 -143.835
44.9 6502.22 -144.054
45 6487.8 -144.273
45.1 6473.35 -144.491
45.2 6458.88 -144.709
45.3 6444.38 -144.925
45.4 6429.87 -145.142
45.5 6415.33 -145.357
45.6 6400.78 -145.572
45.7 6386.2 -145.786
45.8 6371.6 -145.999
45.9 6356.98 -146.212
46 6342.34 -146.424
46.1 6327.67 -146.636
46.2 6312.99 -146.847
46.3 6298.28 -147.057
46.4 6283.55 -147.266
46.5 6268.81 -147.475
46.6 6254.04 -147.683
46.7 6239.25 -147.89
46.8 6224.44 -148.097
46.9 6209.61 -148.303
47 6194.76 -148.508
47.1 6179.89 -148.713
47.2 6165 -148.917
47.3 6150.08 -149.12
47.4 6135.15 -149.323
47.5 6120.2 -149.524
47.6 6105.23 -149.726
47.7 6090.23 -149.926
47.8 6075.22 -150.126
47.9 6060.19 -150.325
48 6045.14 -150.523
48.1 6030.06 -150.721
48.2 6014.97 -150.918
48.3 5999.86 -151.114
48.4 5984.73 -151.31
48.5 5969.58 -151.505
48.6 5954.41 -151.699
48.7 5939.22 -151.893
48.8 5924.01 -152.086
48.9 5908.78 -152.278
49 5893.54 -152.469
49.1 5878.27 -152.66
49.2 5862.99 -152.85
49.3 5847.68 -153.039
49.4 5832.36 -153.228
49.5 5817.02 -153.416
49.6 5801.66 -153.603
49.7 5786.28 -153.789
49.8 5770.88 -153.975
49.9 5755.47 -154.16
50 5740.03 -154.345
50.1 5724.58 -154.528
50.2 5709.11 -154.711
50.3 5693.62 -154.893
50.4 5678.11 -155.075
50.5 5662.58 -155.256
50.6 5647.04 -155.436
50.7 5631.48 -155.615
50.8 5615.9 -155.794
50.9 5600.3 -155.972
51 5584.69 -156.149
51.1 5569.06 -156.325
51.2 5553.41 -156.501
51.3 5537.74 -156.676
51.4 5522.05 -156.851
51.5 5506.35 -157.024
51.6 5490.63 -157.197
51.7 5474.89 -157.369
51.8 5459.14 -157.541
51.9 5443.37 -157.711
52 5427.58 -157.881
52.1 5411.78 -158.051
52.2 5395.95 -158.219
52.3 5380.11 -158.387
52.4 5364.26 -158.554
52.5 5348.39 -158.721
52.6 5332.5 -158.886
52.7 5316.59 -159.051
52.8 5300.67 -159.215
52.9 5284.73 -159.379
53 5268.78 -159.542
53.1 5252.81 -159.704
53.2 5236.82 -159.865
53.3 5220.82 -160.025
53.4 5204.8 -160.185
53.5 5188.77 -160.344
53.6 5172.72 -160.503
53.7 5156.65 -160.66
53.8 5140.57 -160.817
53.9 5124.47 -160.973
54 5108.36 -161.129
54.1 5092.23 -161.283
54.2 5076.09 -161.437
54.3 5059.93 -161.59
54.4 5043.75 -161.743
54.5 5027.56 -161.895
54.6 5011.36 -162.046
54.7 4995.14 -162.196
54.8 4978.91 -162.345
54.9 4962.66 -162.494
55 4946.39 -162.642
55.1 4930.11 -162.789
55.2 4913.82 -162.936
55.3 4897.51 -163.082
55.4 4881.19 -163.227
55.5 4864.85 -163.371
55.6 4848.5 -163.515
55.7 4832.13 -163.658
55.8 4815.75 -163.8
55.9 4799.36 -163.941
56 4782.95 -164.082
56.1 4766.53 -164.222
56.2 4750.09 -164.361
56.3 4733.64 -164.499
56.4 4717.18 -164.637
56.5 4700.7 -164.774
56.6 4684.21 -164.91
56.7 4667.71 -165.046
56.8 4651.19 -165.18
56.9 4634.66 -165.314
57 4618.11 -165.447
57.1 4601.56 -165.58
57.2 4584.98 -165.712
57.3 4568.4 -165.843
57.4 4551.8 -165.973
57.5 4535.19 -166.102
57.6 4518.57 -166.231
57.7 4501.93 -166.359
57.8 4485.28 -166.486
57.9 4468.62 -166.613
58 4451.95 -166.739
58.1 4435.26 -166.864
58.2 4418.56 -166.988
58.3 4401.85 -167.111
58.4 4385.13 -167.234
58.5 4368.39 -167.356
58.6 4351.65 -167.478
58.7 4334.89 -167.598
58.8 4318.11 -167.718
58.9 4301.33 -167.837
59 4284.54 -167.955
59.1 4267.73 -168.073
59.2 4250.91 -168.19
59.3 4234.08 -168.306
59.4 4217.24 -168.421
59.5 4200.38 -168.536
59.6 4183.52 -168.65
59.7 4166.64 -168.763
59.8 4149.75 -168.875
59.9 4132.86 -168.987
60 4115.95 -169.098
60.1 4099.02 -169.208
60.2 4082.14 -168.876
60.3 4065.29 -168.425
60.4 4048.5 -167.975
60.5 4031.74 -167.526
60.6 4015.04 -167.077
60.7 3998.37 -166.629
60.8 3981.76 -166.183
60.9 3965.18 -165.737
61 3948.65 -165.291
61.1 3932.17 -164.847
61.2 3915.73 -164.403
61.3 3899.33 -163.96
61.4 3882.98 -163.518
61.5 3866.67 -163.077
61.6 3850.41 -162.636
61.7 3834.19 -162.197
61.8 3818.01 -161.758
61.9 3801.88 -161.319
62 3785.79 -160.882
62.1 3769.75 -160.445
62.2 3753.75 -160.01
62.3 3737.79 -159.574
62.4 3721.88 -159.14
62.5 3706.01 -158.707
62.6 3690.18 -158.274
62.7 3674.39 -157.842
62.8 3658.65 -157.411
62.9 3642.95 -156.98
63 3627.3 -156.551
63.1 3611.69 -156.122
63.2 3596.12 -155.693
63.3 3580.59 -155.266
63.4 3565.11 -154.839
63.5 3549.67 -154.414
63.6 3534.27 -153.989
63.7 3518.91 -153.564
63.8 3503.6 -153.141
63.9 3488.33 -152.718
64 3473.1 -152.296
64.1 3457.91 -151.874
64.2 3442.76 -151.454
64.3 3427.66 -151.034
64.4 3412.6 -150.615
64.5 3397.58 -150.196
64.6 3382.6 -149.779
64.7 3367.66 -149.362
64.8 3352.77 -148.946
64.9 3337.92 -148.531
65 3323.11 -148.116
65.1 3308.33 -147.702
65.2 3293.61 -147.289
65.3 3278.92 -146.876
65.4 3264.27 -146.465
65.5 3249.67 -146.054
65.6 3235.1 -145.643
65.7 3220.58 -145.234
65.8 3206.1 -144.825
65.9 3191.65 -144.417
66 3177.25 -144.01
66.1 3162.89 -143.603
66.2 3148.57 -143.197
66.3 3134.29 -142.792
66.4 3120.06 -142.388
66.5 3105.86 -141.984
66.6 3091.7 -141.581
66.7 3077.58 -141.178
66.8 3063.5 -140.777
66.9 3049.47 -140.376
67 3035.47 -139.976
67.1 3021.51 -139.576
67.2 3007.59 -139.177
67.3 2993.72 -138.779
67.4 2979.88 -138.382
67.5 2966.08 -137.985
67.6 2952.32 -137.589
67.7 2938.6 -137.194
67.8 2924.92 -136.799
67.9 2911.28 -136.405
68 2897.68 -136.012
68.1 2884.12 -135.62
68.2 2870.59 -135.228
68.3 2857.11 -134.837
68.4 2843.67 -134.446
68.5 2830.26 -134.056
68.6 2816.89 -133.667
68.7 2803.57 -133.279
68.8 2790.28 -132.891
68.9 2777.03 -132.504
69 2763.81 -132.118
69.1 2750.64 -131.732
69.2 2737.51 -131.347
69.3 2724.41 -130.962
69.4 2711.35 -130.579
69.5 2698.33 -130.195
69.6 2685.35 -129.813
69.7 2672.41 -129.431
69.8 2659.5 -129.05
69.9 2646.64 -128.67
70 2633.81 -128.29
70.1 2621.02 -127.911
70.2 2608.26 -127.532
70.3 2595.55 -127.154
70.4 2582.87 -126.777
70.5 2570.23 -126.401
70.6 2557.63 -126.025
70.7 2545.06 -125.65
70.8 2532.53 -125.275
70.9 2520.04 -124.901
71 2507.59 -124.528
71.1 2495.18 -124.155
71.2 2482.8 -123.783
71.3 2470.46 -123.411
71.4 2458.15 -123.041
71.5 2445.89 -122.671
71.6 2433.66 -122.301
71.7 2421.46 -121.932
71.8 2409.31 -121.564
71.9 2397.19 -121.196
72 2385.1 -120.829
72.1 2373.06 -120.463
72.2 2361.05 -120.097
72.3 2349.07 -119.732
72.4 2337.14 -119.367
72.5 2325.24 -119.003
72.6 2313.37 -118.64
72.7 2301.55 -118.277
72.8 2289.75 -117.915
72.9 2278 -117.553
73 2266.28 -117.192
73.1 2254.6 -116.832
73.2 2242.95 -116.472
73.3 2231.34 -116.113
73.4 2219.76 -115.754
73.5 2208.22 -115.396
73.6 2196.72 -115.039
73.7 2185.25 -114.682
73.8 2173.82 -114.326
73.9 2162.42 -113.97
74 2151.06 -113.615
74.1 2139.73 -113.261
74.2 2128.44 -112.907
74.3 2117.19 -112.553
74.4 2105.97 -112.201
74.5 2094.78 -111.849
74.6 2083.63 -111.497
74.7 2072.52 -111.146
74.8 2061.44 -110.795
74.9 2050.39 -110.446
75 2039.38 -110.096
75.1 2028.41 -109.747
75.2 2017.47 -109.399
75.3 2006.56 -109.052
75.4 1995.69 -108.704
75.5 1984.86 -108.358
75.6 1974.06 -108.012
75.7 1963.29 -107.667
75.8 1952.56 -107.322
75.9 1941.86 -106.977
76 1931.2 -106.633
76.1 1920.57 -106.29
76.2 1909.97 -105.948
76.3 1899.41 -105.605
76.4 1888.89 -105.264
76.5 1878.39 -104.923
76.6 1867.94 -104.582
76.7 1857.51 -104.242
76.8 1847.12 -103.902
76.9 1836.77 -103.564
77 1826.44 -103.225
77.1 1816.15 -102.887
77.2 1805.9 -102.55
77.3 1795.68 -102.213
77.4 1785.49 -101.876
77.5 1775.34 -101.541
77.6 1765.22 -101.205
77.7 1755.13 -100.87
77.8 1745.08 -100.536
77.9 1735.06 -100.202
78 1725.07 -99.8691
78.1 1715.11 -99.5363
78.2 1705.19 -99.204
78.3 1695.31 -98.8722
78.4 1685.45 -98.5409
78.5 1675.63 -98.2102
78.6 1665.84 -97.8799
78.7 1656.09 -97.5501
78.8 1646.37 -97.2208
78.9 1636.68 -96.8919
79 1627.02 -96.5636
79.1 1617.4 -96.2358
79.2 1607.81 -95.9084
79.3 1598.25 -95.5816
79.4 1588.72 -95.2552
79.5 1579.23 -94.9292
79.6 1569.77 -94.6038
79.7 1560.34 -94.2788
79.8 1550.95 -93.9544
79.9 1541.58 -93.6303
80 1532.25 -93.3068
80.1 1522.95 -92.9837
80.2 1513.69 -92.6611
80.3 1504.45 -92.3389
80.4 1495.25 -92.0172
80.5 1486.08 -91.696
80.6 1476.95 -91.3752
80.7 1467.84 -91.0549
80.8 1458.77 -90.7351
80.9 1449.72 -90.4156
81 1440.72 -90.0967
81.1 1431.74 -89.7782
81.2 1422.79 -89.4601
81.3 1413.88 -89.1425
81.4 1404.99 -88.8253
81.5 1396.14 -88.5086
81.6 1387.32 -88.1923
81.7 1378.54 -87.8764
81.8 1369.78 -87.561
81.9 1361.06 -87.246
82 1352.36 -86.9314
82.1 1343.7 -86.6173
82.2 1335.07 -86.3036
82.3 1326.47 -85.9903
82.4 1317.9 -85.6774
82.5 1309.37 -85.365
82.6 1300.86 -85.053
82.7 1292.39 -84.7414
82.8 1283.95 -84.4302
82.9 1275.53 -84.1194
83 1267.15 -83.8091
83.1 1258.8 -83.4991
83.2 1250.48 -83.1896
83.3 1242.2 -82.8805
83.4 1233.94 -82.5717
83.5 1225.71 -82.2634
83.6 1217.52 -81.9555
83.7 1209.35 -81.648
83.8 1201.22 -81.3408
83.9 1193.11 -81.0341
84 1185.04 -80.7278
84.1 1177 -80.4218
84.2 1168.99 -80.1163
84.3 1161.01 -79.8111
84.4 1153.06 -79.5063
84.5 1145.14 -79.2019
84.6 1137.25 -78.8979
84.7 1129.39 -78.5943
84.8 1121.56 -78.291
84.9 1113.76 -77.9881
85 1105.99 -77.6856
85.1 1098.25 -77.3835
85.2 1090.54 -77.0817
85.3 1082.87 -76.7803
85.4 1075.22 -76.4793
85.5 1067.6 -76.1786
85.6 1060.01 -75.8783
85.7 1052.45 -75.5784
85.8 1044.93 -75.2788
85.9 1037.43 -74.9796
86 1029.96 -74.6808
86.1 1022.52 -74.3822
86.2 1015.11 -74.0841
86.3 1007.73 -73.7863
86.4 1000.39 -73.4888
86.5 993.067 -73.1917
86.6 985.777 -72.8949
86.7 978.517 -72.5985
86.8 971.287 -72.3024
86.9 964.086 -72.0067
87 956.915 -71.7113
87.1 949.774 -71.4162
87.2 942.662 -71.1214
87.3 935.579 -70.827
87.4 928.526 -70.533
87.5 921.502 -70.2392
87.6 914.507 -69.9458
87.7 907.542 -69.6527
87.8 900.606 -69.3599
87.9 893.699 -69.0674
88 886.822 -68.7753
88.1 879.973 -68.4835
88.2 873.154 -68.1919
88.3 866.364 -67.9007
88.4 859.603 -67.6099
88.5 852.871 -67.3193
88.6 846.168 -67.029
88.7 839.494 -66.739
88.8 832.849 -66.4494
88.9 826.233 -66.16
89 819.646 -65.871
89.1 813.088 -65.5822
89.2 806.559 -65.2937
89.3 800.058 -65.0055
89.4 793.586 -64.7177
89.5 787.143 -64.4301
89.6 780.729 -64.1428
89.7 774.343 -63.8558
89.8 767.986 -63.569
89.9 761.658 -63.2826
90 755.359 -62.9964
90.1 749.088 -62.7105
90.2 742.845 -62.4249
90.3 736.631 -62.1396
90.4 730.446 -61.8545
90.5 724.289 -61.5697
90.6 718.16 -61.2852
90.7 712.06 -61.0009
90.8 705.988 -60.717
90.9 699.945 -60.4332
91 693.93 -60.1498
91.1 687.943 -59.8666
91.2 681.985 -59.5836
91.3 676.055 -59.3009
91.4 670.153 -59.0185
91.5 664.279 -58.7363
91.6 658.434 -58.4544
91.7 652.617 -58.1727
91.8 646.828 -57.8913
91.9 641.067 -57.6101
92 635.334 -57.3292
92.1 629.629 -57.0485
92.2 623.952 -56.768
92.3 618.303 -56.4878
92.4 612.682 -56.2078
92.5 607.09 -55.9281
92.6 601.525 -55.6486
92.7 595.988 -55.3693
92.8 590.479 -55.0903
92.9 584.998 -54.8114
93 579.544 -54.5328
93.1 574.119 -54.2545
93.2 568.721 -53.9763
93.3 563.351 -53.6984
93.4 558.009 -53.4206
93.5 552.695 -53.1431
93.6 547.409 -52.8659
93.7 542.15 -52.5888
93.8 536.918 -52.3119
93.9 531.715 -52.0353
94 526.539 -51.7588
94.1 521.391 -51.4826
94.2 516.27 -51.2065
94.3 511.177 -50.9307
94.4 506.112 -50.655
94.5 501.074 -50.3796
94.6 496.063 -50.1044
94.7 491.08 -49.8293
94.8 486.125 -49.5544
94.9 481.197 -49.2798
95 476.296 -49.0053
95.1 471.423 -48.731
95.2 466.578 -48.4569
95.3 461.759 -48.183
95.4 456.968 -47.9092
95.5 452.205 -47.6356
95.6 447.468 -47.3622
95.7 442.76 -47.089
95.8 438.078 -46.816
95.9 433.424 -46.5431
96 428.797 -46.2704
96.1 424.197 -45.9979
96.2 419.624 -45.7255
96.3 415.079 -45.4533
96.4 410.561 -45.1813
96.5 406.07 -44.9094
96.6 401.606 -44.6376
96.7 397.17 -44.3661
96.8 392.76 -44.0947
96.9 388.378 -43.8234
97 384.023 -43.5523
97.1 379.694 -43.2813
97.2 375.393 -43.0105
97.3 371.119 -42.7399
97.4 366.872 -42.4693
97.5 362.653 -42.199
97.6 358.46 -41.9287
97.7 354.294 -41.6586
97.8 350.155 -41.3886
97.9 346.043 -41.1188
98 341.958 -40.8491
98.1 337.9 -40.5795
98.2 333.869 -40.3101
98.3 329.865 -40.0408
98.4 325.888 -39.7716
98.5 321.938 -39.5025
98.6 318.014 -39.2336
98.7 314.118 -38.9647
98.8 310.248 -38.696
98.9 306.405 -38.4274
99 302.59 -38.1589
99.1 298.801 -37.8906
99.2 295.038 -37.6223
99.3 291.303 -37.3542
99.4 287.594 -37.0861
99.5 283.912 -36.8182
99.6 280.257 -36.5503
99.7 276.629 -36.2826
99.8 273.028 -36.0149
99.9 269.453 -35.7474
100 265.905 -35.4799
100.1 262.384 -35.2126
100.2 258.889 -34.9453
100.3 255.421 -34.6781
100.4 251.98 -34.411
100.5 248.566 -34.144
100.6 245.178 -33.8771
100.7 241.817 -33.6103
100.8 238.483 -33.3435
100.9 235.175 -33.0768
101 231.894 -32.8102
101.1 228.64 -32.5437
101.2 225.412 -32.2772
101.3 222.211 -32.0108
101.4 219.036 -31.7445
101.5 215.889 -31.4782
101.6 212.767 -31.212
101.7 209.673 -30.9459
101.8 206.605 -30.6798
101.9 203.563 -30.4138
102 200.549 -30.1478
102.1 197.561 -29.8819
102.2 194.599 -29.616
102.3 191.664 -29.3502
102.4 188.755 -29.0845
102.5 185.874 -28.8188
102.6 183.018 -28.5531
102.7 180.19 -28.2875
102.8 177.387 -28.0219
102.9 174.612 -27.7563
103 171.863 -27.4908
103.1 169.14 -27.2253
103.2 166.444 -26.9599
103.3 163.775 -26.6945
103.4 161.132 -26.4291
103.5 158.515 -26.1638
103.6 155.926 -25.8984
103.7 153.362 -25.6331
103.8 150.825 -25.3678
103.9 148.315 -25.1026
104 145.831 -24.8373
104.1 143.374 -24.5721
104.2 140.944 -24.3069
104.3 138.539 -24.0417
104.4 136.162 -23.7765
104.5 133.811 -23.5113
104.6 131.486 -23.2461
104.7 129.188 -22.9809
104.8 126.916 -22.7157
104.9 124.671 -22.4505
105 122.453 -22.1853
105.1 120.261 -21.9201
105.2 118.095 -21.6549
105.3 115.956 -21.3897
105.4 113.844 -21.1245
105.5 111.758 -20.8593
105.6 109.698 -20.594
105.7 107.666 -20.3288
105.8 105.659 -20.0635
105.9 103.679 -19.7982
106 101.726 -19.5329
106.1 99.7994 -19.2675
106.2 97.8992 -19.0021
106.3 96.0255 -18.7367
106.4 94.1784 -18.4713
106.5 92.3578 -18.2058
106.6 90.5638 -17.9403
106.7 88.7963 -17.6747
106.8 87.0554 -17.4092
106.9 85.341 -17.1435
107 83.6533 -16.8779
107.1 81.992 -16.6121
107.2 80.3574 -16.3464
107.3 78.7493 -16.0806
107.4 77.1679 -15.8147
107.5 75.613 -15.5488
107.6 74.0847 -15.2828
107.7 72.583 -15.0168
107.8 71.108 -14.7507
107.9 69.6595 -14.4845
108 68.2377 -14.2183
108.1 66.8425 -13.952
108.2 65.4739 -13.6856
108.3 64.132 -13.4192
108.4 62.8167 -13.1527
108.5 61.5281 -12.8861
108.6 60.2662 -12.6195
108.7 59.0309 -12.3527
108.8 57.8223 -12.0859
108.9 56.6404 -11.819
109 55.4852 -11.5521
109.1 54.3567 -11.285
109.2 53.2549 -11.0178
109.3 52.1799 -10.7506
109.4 51.1315 -10.4832
109.5 50.11 -10.2158
109.6 49.1151 -9.94822
109.7 48.1471 -9.68057
109.8 47.2058 -9.41282
109.9 46.2913 -9.14497
110 45.4036 -8.87701
110.1 44.5427 -8.60894
110.2 43.7086 -8.34075
110.3 42.9014 -8.07245
110.4 42.121 -7.80404
110.5 41.3674 -7.53551
110.6 40.6408 -7.26685
110.7 39.941 -6.99807
110.8 39.268 -6.72917
110.9 38.622 -6.46014
111 38.0029 -6.19098
111.1 37.4108 -5.92169
111.2 36.8455 -5.65226
111.3 36.3073 -5.38269
111.4 35.796 -5.11299
111.5 35.3116 -4.84315
111.6 34.8543 -4.57316
111.7 34.424 -4.30303
111.8 34.0207 -4.03275
111.9 33.6445 -3.76231
112 33.2953 -3.49173
112.1 32.9732 -3.22099
112.2 32.6782 -2.95009
112.3 32.4103 -2.67904
112.4 32.1696 -2.40782
112.5 31.9559 -2.13644
112.6 31.7694 -1.86489
112.7 31.6101 -1.59317
112.8 31.478 -1.32128
112.9 31.3673 -1.10646
113 31.2643 -1.03022
113.1 31.164 -1.0031
113.2 31.0647 -0.993394
113.3 30.9657 -0.989855
113.4 30.8668 -0.988501
113.5 30.768 -0.98792
113.6 30.6693 -0.987612
113.7 30.5705 -0.987402
113.8 30.4718 -0.987227
113.9 30.3731 -0.987063
114 30.2744 -0.986905
114.1 30.1757 -0.986747
114.2 30.0771 -0.986591
114.3 29.9784 -0.986435
114.4 29.8798 -0.98628
114.5 29.7812 -0.986124
114.6 29.6826 -0.985969
114.7 29.584 -0.985814
114.8 29.4854 -0.985659
114.9 29.3869 -0.985505
115 29.2884 -0.985351
115.1 29.1898 -0.985197
115.2 29.0913 -0.985043
115.3 28.9928 -0.984889
115.4 28.8944 -0.984736
115.5 28.7959 -0.984582
115.6 28.6975 -0.98443
115.7 28.599 -0.984277
115.8 28.5006 -0.984124
115.9 28.4022 -0.983972
116 28.3039 -0.98382
116.1 28.2055 -0.983668
116.2 28.1071 -0.983516
116.3 28.0088 -0.983365
116.4 27.9105 -0.983214
116.5 27.8122 -0.983063
116.6 27.7139 -0.982912
116.7 27.6156 -0.982761
116.8 27.5173 -0.982611
116.9 27.4191 -0.982461
117 27.3209 -0.982311
117.1 27.2227 -0.982161
117.2 27.1245 -0.982012
117.3 27.0263 -0.981863
117.4 26.9281 -0.981713
117.5 26.8299 -0.981565
117.6 26.7318 -0.981416
117.7 26.6337 -0.981268
117.8 26.5356 -0.981119
117.9 26.4375 -0.980972
118 26.3394 -0.980824
118.1 26.2413 -0.980676
118.2 26.1433 -0.980529
118.3 26.0452 -0.980382
118.4 25.9472 -0.980235
118.5 25.8492 -0.980088
118.6 25.7512 -0.979942
118.7 25.6532 -0.979796
118.8 25.5552 -0.97965
118.9 25.4573 -0.979504
119 25.3594 -0.979358
119.1 25.2614 -0.979213
119.2 25.1635 -0.979068
119.3 25.0656 -0.978923
119.4 24.9678 -0.978778
119.5 24.8699 -0.978634
119.6 24.772 -0.978489
119.7 24.6742 -0.978345
119.8 24.5764 -0.978201
119.9 24.4786 -0.978058
120 24.3808 -0.977914
120.1 24.283 -0.977771
120.2 24.1853 -0.977628
120.3 24.0875 -0.977485
120.4 23.9898 -0.977343
120.5 23.8921 -0.9772
120.6 23.7943 -0.977058
120.7 23.6967 -0.976916
120.8 23.599 -0.976775
120.9 23.5013 -0.976633
121 23.4037 -0.976492
121.1 23.306 -0.976351
121.2 23.2084 -0.97621
121.3 23.1108 -0.976069
121.4 23.0132 -0.975929
121.5 22.9156 -0.975788
121.6 22.8181 -0.975648
121.7 22.7205 -0.975509
121.8 22.623 -0.975369
121.9 22.5255 -0.97523
122 22.4279 -0.97509
122.1 22.3305 -0.974952
122.2 22.233 -0.974813
122.3 22.1355 -0.974674
122.4 22.0381 -0.974536
122.5 21.9406 -0.974398
122.6 21.8432 -0.97426
122.7 21.7458 -0.974122
122.8 21.6484 -0.973985
122.9 21.551 -0.973848
123 21.4536 -0.973711
123.1 21.3563 -0.973574
123.2 21.2589 -0.973437
123.3 21.1616 -0.973301
123.4 21.0643 -0.973164
123.5 20.967 -0.973028
123.6 20.8697 -0.972893
123.7 20.7724 -0.972757
123.8 20.6751 -0.972622
123.9 20.5779 -0.972487
124 20.4807 -0.972352
124.1 20.3834 -0.972217
124.2 20.2862 -0.972083
124.3 20.189 -0.971948
124.4 20.0919 -0.971814
124.5 19.9947 -0.97168
124.6 19.8975 -0.971547
124.7 19.8004 -0.971413
124.8 19.7033 -0.97128
124.9 19.6061 -0.971147
125 19.509 -0.971014
125.1 19.412 -0.970881
125.2 19.3149 -0.970749
125.3 19.2178 -0.970617
125.4 19.1208 -0.970485
125.5 19.0237 -0.970353
125.6 18.9267 -0.970221
125.7 18.8297 -0.97009
125.8 18.7327 -0.969959
125.9 18.6357 -0.969828
126 18.5388 -0.969697
126.1 18.4418 -0.969567
126.2 18.3449 -0.969436
126.3 18.2479 -0.969306
126.4 18.151 -0.969176
126.5 18.0541 -0.969047
126.6 17.9572 -0.968917
126.7 17.8603 -0.968788
126.8 17.7635 -0.968659
126.9 17.6666 -0.96853
127 17.5698 -0.968401
127.1 17.4729 -0.968273
127.2 17.3761 -0.968145
127.3 17.2793 -0.968017
127.4 17.1825 -0.967889
127.5 17.0858 -0.967761
127.6 16.989 -0.967634
127.7 16.8922 -0.967507
127.8 16.7955 -0.96738
127.9 16.6988 -0.967253
128 16.6021 -0.967126
128.1 16.5054 -0.967
128.2 16.4087 -0.966874
128.3 16.312 -0.966748
128.4 16.2153 -0.966622
128.5 16.1187 -0.966497
128.6 16.0221 -0.966371
128.7 15.9254 -0.966246
128.8 15.8288 -0.966121
128.9 15.7322 -0.965996
129 15.6356 -0.965872
129.1 15.5391 -0.965748
129.2 15.4425 -0.965624
129.3 15.346 -0.9655
129.4 15.2494 -0.965376
129.5 15.1529 -0.965253
129.6 15.0564 -0.965129
129.7 14.9599 -0.965006
129.8 14.8634 -0.964883
129.9 14.7669 -0.964761
130 14.6704 -0.964638
130.1 14.574 -0.964516
130.2 14.4776 -0.964394
130.3 14.3811 -0.964272
130.4 14.2847 -0.96415
130.5 14.1883 -0.964029
130.6 14.0919 -0.963908
130.7 13.9955 -0.963787
130.8 13.8992 -0.963666
130.9 13.8028 -0.963545
131 13.7065 -0.963425
131.1 13.6101 -0.963305
131.2 13.5138 -0.963185
131.3 13.4175 -0.963065
131.4 13.3212 -0.962946
131.5 13.2249 -0.962826
131.6 13.1287 -0.962707
131.7 13.0324 -0.962588
131.8 12.9362 -0.962469
131.9 12.8399 -0.962351
132 12.7437 -0.962232
132.1 12.6475 -0.962114
132.2 12.5513 -0.961996
132.3 12.4551 -0.961879
132.4 12.3589 -0.961761
132.5 12.2628 -0.961644
132.6 12.1666 -0.961527
132.7 12.0705 -0.96141
132.8 11.9743 -0.961293
132.9 11.8782 -0.961176
133 11.7821 -0.96106
133.1 11.686 -0.960944
133.2 11.5899 -0.960828
133.3 11.4939 -0.960712
133.4 11.3978 -0.960597
133.5 11.3018 -0.960482
133.6 11.2057 -0.960366
133.7 11.1097 -0.960252
133.8 11.0137 -0.960137
133.9 10.9177 -0.960022
134 10.8217 -0.959908
134.1 10.7257 -0.959794
134.2 10.6298 -0.95968
134.3 10.5338 -0.959566
134.4 10.4379 -0.959453
134.5 10.3419 -0.95934
134.6 10.246 -0.959227
134.7 10.1501 -0.959114
134.8 10.0542 -0.959001
134.9 9.95829 -0.958889
135 9.86242 -0.958776
135.1 9.76655 -0.958664
135.2 9.67069 -0.958552
135.3 9.57485 -0.958441
135.4 9.47902 -0.958329
135.5 9.3832 -0.958218
135.6 9.28738 -0.958107
135.7 9.19159 -0.957996
135.8 9.0958 -0.957886
135.9 9.00002 -0.957775
136 8.90425 -0.957665
136.1 8.8085 -0.957555
136.2 8.71275 -0.957445
136.3 8.61702 -0.957335
136.4 8.5213 -0.957226
136.5 8.42559 -0.957117
136.6 8.32988 -0.957008
136.7 8.23419 -0.956899
136.8 8.13852 -0.95679
136.9 8.04285 -0.956682
137 7.94719 -0.956573
137.1 7.85154 -0.956465
137.2 7.75591 -0.956358
137.3 7.66028 -0.95625
137.4 7.56467 -0.956142
137.5 7.46906 -0.956035
137.6 7.37347 -0.955928
137.7 7.27789 -0.955821
137.8 7.18232 -0.955715
137.9 7.08676 -0.955608
138 6.99121 -0.955502
138.1 6.89567 -0.955396
138.2 6.80014 -0.95529
138.3 6.70462 -0.955184
138.4 6.60911 -0.955079
138.5 6.51362 -0.954974
138.6 6.41813 -0.954869
138.7 6.32265 -0.954764
138.8 6.22719 -0.954659
138.9 6.13173 -0.954555
139 6.03629 -0.954451
139.1 5.94085 -0.954347
139.2 5.84543 -0.954243
139.3 5.75001 -0.954139
139.4 5.65461 -0.954036
139.5 5.55922 -0.953932
139.6 5.46383 -0.953829
139.7 5.36846 -0.953726
139.8 5.2731 -0.953624
139.9 5.17775 -0.953521
140 5.0824 -0.953419
140.1 4.98707 -0.953317
140.2 4.89175 -0.953215
140.3 4.79644 -0.953113
140.4 4.70114 -0.953012
140.5 4.60585 -0.952911
140.6 4.51057 -0.95281
140.7 4.4153 -0.952709
140.8 4.32003 -0.952608
140.9 4.22478 -0.952508
141 4.12954 -0.952407
141.1 4.03431 -0.952307
141.2 3.93909 -0.952207
141.3 3.84388 -0.952108
141.4 3.74868 -0.952008
141.5 3.65349 -0.951909
141.6 3.55831 -0.95181
141.7 3.46314 -0.951711
141.8 3.36798 -0.951612
141.9 3.27282 -0.951514
142 3.17768 -0.951415
142.1 3.08255 -0.951317
142.2 2.98743 -0.951219
142.3 2.89232 -0.951122
142.4 2.79721 -0.951024
142.5 2.70212 -0.950927
142.6 2.60704 -0.95083
142.7 2.51197 -0.950733
142.8 2.4169 -0.950636
142.9 2.32185 -0.95054
143 2.2268 -0.950443
143.1 2.13177 -0.950347
143.2 2.03674 -0.950251
143.3 1.94173 -0.950155
143.4 1.84672 -0.95006
143.5 1.75173 -0.949965
143.6 1.65674 -0.949869
143.7 1.56176 -0.949774
143.8 1.46679 -0.94968
143.9 1.37183 -0.949585
144 1.27689 -0.949491
144.1 1.18195 -0.949397
144.2 1.08702 -0.949303
144.3 0.992095 -0.949209
144.4 0.897184 -0.949115
144.5 0.802281 -0.949022
144.6 0.707388 -0.948929
144.7 0.612505 -0.948836
144.8 0.517631 -0.948743
144.9 0.422766 -0.94865
