write3.9 9971.04 -14.4732
4 9969.56 -14.8435
4.1 9968.03 -15.2138
4.2 9966.48 -15.584
4.3 9964.88 -15.9542
4.4 9963.25 -16.3243
4.5 9961.58 -16.6943
4.6 9959.87 -17.0643
4.7 9958.13 -17.4342
4.8 9956.35 -17.8041
4.9 9954.53 -18.1738
5 9952.68 -18.5435
5.1 9950.79 -18.9131
5.2 9948.86 -19.2827
5.3 9946.89 -19.6521
5.4 9944.89 -20.0215
5.5 9942.85 -20.3909
5.6 9940.77 -20.7601
5.7 9938.66 -21.1292
5.8 9936.51 -21.4983
5.9 9934.32 -21.8673
6 9932.1 -22.2362
6.1 9929.84 -22.605
6.2 9927.54 -22.9737
6.3 9925.21 -23.3423
6.4 9922.84 -23.7109
6.5 9920.43 -24.0793
6.6 9917.99 -24.4476
6.7 9915.5 -24.8159
6.8 9912.99 -25.184
6.9 9910.43 -25.5521
7 9907.84 -25.92
7.1 9905.21 -26.2879
7.2 9902.54 -26.6556
7.3 9899.84 -27.0232
7.4 9897.1 -27.3908
7.5 9894.33 -27.7582
7.6 9891.51 -28.1255
7.7 9888.66 -28.4927
7.8 9885.78 -28.8598
7.9 9882.86 -29.2267
8 9879.9 -29.5936
8.1 9876.9 -29.9603
8.2 9873.87 -30.3269
8.3 9870.8 -30.6934
8.4 9867.69 -31.0598
8.5 9864.55 -31.426
8.6 9861.37 -31.7921
8.7 9858.16 -32.1581
8.8 9854.9 -32.524
8.9 9851.61 -32.8897
9 9848.29 -33.2553
9.1 9844.93 -33.6208
9.2 9841.53 -33.9861
9.3 9838.09 -34.3513
9.4 9834.62 -34.7164
9.5 9831.11 -35.0813
9.6 9827.57 -35.4461
9.7 9823.99 -35.8107
9.8 9820.37 -36.1752
9.9 9816.72 -36.5396
10 9813.03 -36.9038
10.1 9809.3 -37.2678
10.2 9805.54 -37.6318
10.3 9801.74 -37.9955
10.4 9797.9 -38.3591
10.5 9794.03 -38.7226
10.6 9790.12 -39.0859
10.7 9786.17 -39.449
10.8 9782.19 -39.812
10.9 9778.18 -40.1748
11 9774.12 -40.5374
11.1 9770.03 -40.8999
11.2 9765.91 -41.2623
11.3 9761.74 -41.6244
11.4 9757.54 -41.9864
11.5 9753.31 -42.3483
11.6 9749.04 -42.7099
11.7 9744.73 -43.0714
11.8 9740.39 -43.4327
11.9 9736.01 -43.7938
12 9731.59 -44.1548
12.1 9727.14 -44.5156
12.2 9722.65 -44.8762
12.3 9718.13 -45.2366
12.4 9713.57 -45.5968
12.5 9708.97 -45.9569
12.6 9704.34 -46.3167
12.7 9699.68 -46.6764
12.8 9694.97 -47.0359
12.9 9690.23 -47.3952
13 9685.46 -47.7543
13.1 9680.65 -48.1132
13.2 9675.8 -48.4719
13.3 9670.92 -48.8305
13.4 9666 -49.1888
13.5 9661.04 -49.5469
13.6 9656.05 -49.9048
13.7 9651.03 -50.2626
13.8 9645.96 -50.6201
13.9 9640.87 -50.9774
14 9635.73 -51.3345
14.1 9630.56 -51.6914
14.2 9625.36 -52.0481
14.3 9620.12 -52.4045
14.4 9614.84 -52.7608
14.5 9609.53 -53.1168
14.6 9604.18 -53.4727
14.7 9598.8 -53.8283
14.8 9593.38 -54.1837
14.9 9587.93 -54.5388
15 9582.44 -54.8938
15.1 9576.91 -55.2485
15.2 9571.35 -55.603
15.3 9565.76 -55.9573
15.4 9560.13 -56.3113
15.5 9554.46 -56.6651
15.6 9548.76 -57.0187
15.7 9543.02 -57.372
15.8 9537.25 -57.7252
15.9 9531.44 -58.078
16 9525.6 -58.4307
16.1 9519.72 -58.7831
16.2 9513.81 -59.1352
16.3 9507.86 -59.4871
16.4 9501.87 -59.8388
16.5 9495.85 -60.1902
16.6 9489.8 -60.5414
16.7 9483.71 -60.8923
16.8 9477.59 -61.243
16.9 9471.43 -61.5934
17 9465.23 -61.9436
17.1 9459 -62.2935
17.2 9452.74 -62.6432
17.3 9446.44 -62.9926
17.4 9440.11 -63.3417
17.5 9433.74 -63.6906
17.6 9427.33 -64.0392
17.7 9420.89 -64.3876
17.8 9414.42 -64.7356
17.9 9407.91 -65.0835
18 9401.37 -65.431
18.1 9394.79 -65.7783
18.2 9388.18 -66.1253
18.3 9381.53 -66.472
18.4 9374.85 -66.8185
18.5 9368.13 -67.1647
18.6 9361.38 -67.5106
18.7 9354.6 -67.8562
18.8 9347.78 -68.2016
18.9 9340.92 -68.5466
19 9334.03 -68.8914
19.1 9327.11 -69.2359
19.2 9320.15 -69.5801
19.3 9313.16 -69.924
19.4 9306.13 -70.2676
19.5 9299.07 -70.6109
19.6 9291.97 -70.954
19.7 9284.84 -71.2967
19.8 9277.68 -71.6392
19.9 9270.48 -71.9813
20 9263.25 -72.3232
20.1 9255.98 -72.6647
20.2 9248.68 -73.0059
20.3 9241.35 -73.3469
20.4 9233.98 -73.6875
20.5 9226.58 -74.0278
20.6 9219.14 -74.3678
20.7 9211.67 -74.7075
20.8 9204.17 -75.0469
20.9 9196.63 -75.386
21 9189.05 -75.7247
21.1 9181.45 -76.0632
21.2 9173.81 -76.4013
21.3 9166.13 -76.7391
21.4 9158.43 -77.0766
21.5 9150.68 -77.4137
21.6 9142.91 -77.7506
21.7 9135.1 -78.0871
21.8 9127.26 -78.4232
21.9 9119.38 -78.7591
22 9111.47 -79.0946
22.1 9103.53 -79.4298
22.2 9095.55 -79.7646
22.3 9087.54 -80.0991
22.4 9079.5 -80.4333
22.5 9071.42 -80.7671
22.6 9063.31 -81.1006
22.7 9055.17 -81.4337
22.8 9046.99 -81.7665
22.9 9038.78 -82.099
23 9030.54 -82.4311
23.1 9022.26 -82.7629
23.2 9013.95 -83.0943
23.3 9005.61 -83.4253
23.4 8997.24 -83.756
23.5 8988.83 -84.0864
23.6 8980.39 -84.4164
23.7 8971.91 -84.746
23.8 8963.4 -85.0753
23.9 8954.86 -85.4042
24 8946.29 -85.7328
24.1 8937.68 -86.0609
24.2 8929.05 -86.3888
24.3 8920.37 -86.7162
24.4 8911.67 -87.0433
24.5 8902.93 -87.37
24.6 8894.16 -87.6963
24.7 8885.36 -88.0223
24.8 8876.53 -88.3479
24.9 8867.66 -88.6731
25 8858.76 -88.9979
25.1 8849.83 -89.3224
25.2 8840.86 -89.6465
25.3 8831.87 -89.9701
25.4 8822.84 -90.2934
25.5 8813.77 -90.6164
25.6 8804.68 -90.9389
25.7 8795.55 -91.261
25.8 8786.4 -91.5828
25.9 8777.21 -91.9041
26 8767.98 -92.2251
26.1 8758.73 -92.5456
26.2 8749.44 -92.8658
26.3 8740.12 -93.1856
26.4 8730.77 -93.5049
26.5 8721.39 -93.8239
26.6 8711.98 -94.1424
26.7 8702.53 -94.4606
26.8 8693.05 -94.7783
26.9 8683.54 -95.0957
27 8674 -95.4126
27.1 8664.43 -95.7291
27.2 8654.82 -96.0452
27.3 8645.19 -96.3609
27.4 8635.52 -96.6762
27.5 8625.82 -96.991
27.6 8616.09 -97.3054
27.7 8606.33 -97.6195
27.8 8596.54 -97.933
27.9 8586.71 -98.2462
28 8576.85 -98.5589
28.1 8566.97 -98.8712
28.2 8557.05 -99.1831
28.3 8547.1 -99.4946
28.4 8537.12 -99.8056
28.5 8527.11 -100.116
28.6 8517.07 -100.426
28.7 8506.99 -100.736
28.8 8496.89 -101.045
28.9 8486.75 -101.354
29 8476.59 -101.663
29.1 8466.39 -101.97
29.2 8456.16 -102.278
29.3 8445.9 -102.585
29.4 8435.61 -102.892
29.5 8425.29 -103.198
29.6 8414.94 -103.503
29.7 8404.56 -103.809
29.8 8394.15 -104.114
29.9 8383.71 -104.418
30 8373.24 -104.722
30.1 8362.73 -105.025
30.2 8352.2 -105.328
30.3 8341.64 -105.631
30.4 8331.04 -105.933
30.5 8320.42 -106.234
30.6 8309.77 -106.535
30.7 8299.08 -106.836
30.8 8288.37 -107.136
30.9 8277.63 -107.436
31 8266.85 -107.735
31.1 8256.05 -108.034
31.2 8245.22 -108.332
31.3 8234.35 -108.63
31.4 8223.46 -108.927
31.5 8212.54 -109.224
31.6 8201.59 -109.521
31.7 8190.61 -109.816
31.8 8179.59 -110.112
31.9 8168.55 -110.407
32 8157.48 -110.701
32.1 8146.38 -110.995
32.2 8135.25 -111.288
32.3 8124.1 -111.581
32.4 8112.91 -111.874
32.5 8101.69 -112.166
32.6 8090.45 -112.457
32.7 8079.17 -112.748
32.8 8067.87 -113.039
32.9 8056.54 -113.329
33 8045.17 -113.618
33.1 8033.78 -113.907
33.2 8022.36 -114.196
33.3 8010.91 -114.483
33.4 7999.44 -114.771
33.5 7987.93 -115.058
33.6 7976.4 -115.344
33.7 7964.83 -115.63
33.8 7953.24 -115.915
33.9 7941.62 -116.2
34 7929.97 -116.485
34.1 7918.3 -116.768
34.2 7906.59 -117.052
34.3 7894.86 -117.335
34.4 7883.1 -117.617
34.5 7871.31 -117.898
34.6 7859.49 -118.18
34.7 7847.64 -118.46
34.8 7835.77 -118.74
34.9 7823.87 -119.02
35 7811.94 -119.299
35.1 7799.98 -119.578
35.2 7787.99 -119.856
35.3 7775.98 -120.133
35.4 7763.94 -120.41
35.5 7751.87 -120.686
35.6 7739.78 -120.962
35.7 7727.65 -121.238
35.8 7715.5 -121.512
35.9 7703.32 -121.787
36 7691.12 -122.06
36.1 7678.88 -122.333
36.2 7666.62 -122.606
36.3 7654.33 -122.878
36.4 7642.02 -123.149
36.5 7629.68 -123.42
36.6 7617.31 -123.691
36.7 7604.91 -123.96
36.8 7592.49 -124.23
36.9 7580.04 -124.498
37 7567.56 -124.766
37.1 7555.06 -125.034
37.2 7542.53 -125.301
37.3 7529.97 -125.567
37.4 7517.39 -125.833
37.5 7504.78 -126.098
37.6 7492.14 -126.363
37.7 7479.48 -126.627
37.8 7466.79 -126.891
37.9 7454.08 -127.154
38 7441.33 -127.416
38.1 7428.57 -127.678
38.2 7415.77 -127.939
38.3 7402.95 -128.2
38.4 7390.11 -128.46
38.5 7377.23 -128.719
38.6 7364.34 -128.978
38.7 7351.41 -129.237
38.8 7338.46 -129.494
38.9 7325.49 -129.752
39 7312.49 -130.008
39.1 7299.46 -130.264
39.2 7286.41 -130.52
39.3 7273.33 -130.774
39.4 7260.23 -131.029
39.5 7247.1 -131.282
39.6 7233.95 -131.535
39.7 7220.77 -131.787
39.8 7207.56 -132.039
39.9 7194.34 -132.29
40 7181.08 -132.541
40.1 7167.8 -132.791
40.2 7154.5 -133.04
40.3 7141.17 -133.289
40.4 7127.82 -133.537
40.5 7114.44 -133.785
40.6 7101.03 -134.032
40.7 7087.61 -134.278
40.8 7074.15 -134.524
40.9 7060.68 -134.769
41 7047.17 -135.013
41.1 7033.65 -135.257
41.2 7020.1 -135.501
41.3 7006.52 -135.743
41.4 6992.93 -135.985
41.5 6979.3 -136.227
41.6 6965.66 -136.467
41.7 6951.99 -136.707
41.8 6938.29 -136.947
41.9 6924.57 -137.186
42 6910.83 -137.424
42.1 6897.06 -137.662
42.2 6883.27 -137.899
42.3 6869.46 -138.135
42.4 6855.62 -138.371
42.5 6841.76 -138.606
42.6 6827.88 -138.84
42.7 6813.97 -139.074
42.8 6800.04 -139.307
42.9 6786.09 -139.54
43 6772.11 -139.772
43.1 6758.11 -140.003
43.2 6744.09 -140.234
43.3 6730.04 -140.463
43.4 6715.97 -140.693
43.5 6701.88 -140.921
43.6 6687.76 -141.149
43.7 6673.63 -141.377
43.8 6659.47 -141.604
43.9 6645.28 -141.83
44 6631.08 -142.055
44.1 6616.85 -142.28
44.2 6602.6 -142.504
44.3 6588.33 -142.727
44.4 6574.03 -142.95
44.5 6559.71 -143.172
44.6 6545.37 -143.394
44.7 6531.01 -143.614
44.8 6516.63 -143.835
44.9 6502.22 -144.054
45 6487.8 -144.273
45.1 6473.35 -144.491
45.2 6458.88 -144.709
45.3 6444.38 -144.925
45.4 6429.87 -145.142
45.5 6415.33 -145.357
45.6 6400.78 -145.572
45.7 6386.2 -145.786
45.8 6371.6 -145.999
45.9 6356.98 -146.212
46 6342.34 -146.424
46.1 6327.67 -146.636
46.2 6312.99 -146.847
46.3 6298.28 -147.057
46.4 6283.55 -147.266
46.5 6268.81 -147.475
46.6 6254.04 -147.683
46.7 6239.25 -147.89
46.8 6224.44 -148.097
46.9 6209.61 -148.303
47 6194.76 -148.508
47.1 6179.89 -148.713
47.2 6165 -148.917
47.3 6150.08 -149.12
47.4 6135.15 -149.323
47.5 6120.2 -149.524
47.6 6105.23 -149.726
47.7 6090.23 -149.926
47.8 6075.22 -150.126
47.9 6060.19 -150.325
48 6045.14 -150.523
48.1 6030.06 -150.721
48.2 6014.97 -150.918
48.3 5999.86 -151.114
48.4 5984.73 -151.31
48.5 5969.58 -151.505
48.6 5954.41 -151.699
48.7 5939.22 -151.893
48.8 5924.01 -152.086
48.9 5908.78 -152.278
49 5893.54 -152.469
49.1 5878.28 -152.531
49.2 5863.04 -152.446
49.3 5847.81 -152.297
49.4 5832.6 -152.12
49.5 5817.41 -151.931
49.6 5802.23 -151.736
49.7 5787.08 -151.539
49.8 5771.94 -151.341
49.9 5756.83 -151.142
50 5741.73 -150.944
50.1 5726.66 -150.745
50.2 5711.61 -150.546
50.3 5696.57 -150.347
50.4 5681.56 -150.149
50.5 5666.56 -149.95
50.6 5651.59 -149.751
50.7 5636.63 -149.552
50.8 5621.7 -149.353
50.9 5606.78 -149.154
51 5591.88 -148.956
51.1 5577.01 -148.757
51.2 5562.15 -148.558
51.3 5547.32 -148.359
51.4 5532.5 -148.16
51.5 5517.71 -147.962
51.6 5502.93 -147.763
51.7 5488.17 -147.564
51.8 5473.44 -147.365
51.9 5458.72 -147.166
52 5444.02 -146.967
52.1 5429.35 -146.769
52.2 5414.69 -146.57
52.3 5400.05 -146.371
52.4 5385.43 -146.172
52.5 5370.84 -145.974
52.6 5356.26 -145.775
52.7 5341.7 -145.576
52.8 5327.16 -145.377
52.9 5312.65 -145.178
53 5298.15 -144.98
53.1 5283.67 -144.781
53.2 5269.21 -144.582
53.3 5254.77 -144.383
53.4 5240.36 -144.184
53.5 5225.96 -143.986
53.6 5211.58 -143.787
53.7 5197.22 -143.588
53.8 5182.88 -143.389
53.9 5168.56 -143.191
54 5154.26 -142.992
54.1 5139.98 -142.793
54.2 5125.72 -142.594
54.3 5111.48 -142.396
54.4 5097.26 -142.197
54.5 5083.06 -141.998
54.6 5068.88 -141.799
54.7 5054.72 -141.601
54.8 5040.58 -141.402
54.9 5026.46 -141.203
55 5012.36 -141.004
55.1 4998.28 -140.806
55.2 4984.22 -140.607
55.3 4970.18 -140.408
55.4 4956.16 -140.209
55.5 4942.16 -140.011
55.6 4928.18 -139.812
55.7 4914.22 -139.613
55.8 4900.28 -139.415
55.9 4886.35 -139.216
56 4872.45 -139.017
56.1 4858.57 -138.818
56.2 4844.71 -138.62
56.3 4830.87 -138.421
56.4 4817.04 -138.222
56.5 4803.24 -138.024
56.6 4789.46 -137.825
56.7 4775.7 -137.626
56.8 4761.95 -137.427
56.9 4748.23 -137.229
57 4734.53 -137.03
57.1 4720.84 -136.831
57.2 4707.18 -136.633
57.3 4693.54 -136.434
57.4 4679.91 -136.235
57.5 4666.31 -136.036
57.6 4652.73 -135.838
57.7 4639.16 -135.639
57.8 4625.62 -135.44
57.9 4612.09 -135.242
58 4598.59 -135.043
58.1 4585.11 -134.844
58.2 4571.64 -134.646
58.3 4558.2 -134.447
58.4 4544.77 -134.248
58.5 4531.37 -134.05
58.6 4517.98 -133.851
58.7 4504.62 -133.652
58.8 4491.27 -133.454
58.9 4477.95 -133.255
59 4464.64 -133.056
59.1 4451.35 -132.858
59.2 4438.09 -132.659
59.3 4424.84 -132.46
59.4 4411.62 -132.262
59.5 4398.41 -132.063
59.6 4385.22 -131.864
59.7 4372.06 -131.666
59.8 4358.91 -131.467
59.9 4345.78 -131.268
60 4332.68 -131.07
60.1 4319.59 -130.871
60.2 4306.52 -130.672
60.3 4293.47 -130.474
60.4 4280.45 -130.275
60.5 4267.44 -130.076
60.6 4254.45 -129.878
60.7 4241.48 -129.679
60.8 4228.54 -129.481
60.9 4215.61 -129.282
61 4202.7 -129.083
61.1 4189.81 -128.885
61.2 4176.94 -128.686
61.3 4164.09 -128.487
61.4 4151.26 -128.289
61.5 4138.46 -128.09
61.6 4125.67 -127.892
61.7 4112.9 -127.693
61.8 4100.15 -127.494
61.9 4087.42 -127.296
62 4074.71 -127.097
62.1 4062.02 -126.899
62.2 4049.35 -126.7
62.3 4036.7 -126.501
62.4 4024.07 -126.303
62.5 4011.46 -126.104
62.6 3998.87 -125.905
62.7 3986.3 -125.707
62.8 3973.75 -125.508
62.9 3961.21 -125.31
63 3948.7 -125.111
63.1 3936.21 -124.912
63.2 3923.74 -124.714
63.3 3911.29 -124.515
63.4 3898.86 -124.317
63.5 3886.45 -124.118
63.6 3874.05 -123.92
63.7 3861.68 -123.721
63.8 3849.33 -123.522
63.9 3837 -123.324
64 3824.68 -123.125
64.1 3812.39 -122.927
64.2 3800.12 -122.728
64.3 3787.87 -122.529
64.4 3775.63 -122.331
64.5 3763.42 -122.132
64.6 3751.23 -121.934
64.7 3739.05 -121.735
64.8 3726.9 -121.537
64.9 3714.77 -121.338
65 3702.65 -121.14
65.1 3690.56 -120.941
65.2 3678.48 -120.742
65.3 3666.43 -120.544
65.4 3654.39 -120.345
65.5 3642.38 -120.147
65.6 3630.39 -119.948
65.7 3618.41 -119.75
65.8 3606.46 -119.551
65.9 3594.52 -119.353
66 3582.6 -119.154
66.1 3570.71 -118.955
66.2 3558.83 -118.757
66.3 3546.98 -118.558
66.4 3535.14 -118.36
66.5 3523.33 -118.161
66.6 3511.53 -117.963
66.7 3499.75 -117.764
66.8 3488 -117.566
66.9 3476.26 -117.367
67 3464.54 -117.169
67.1 3452.85 -116.97
67.2 3441.17 -116.772
67.3 3429.51 -116.573
67.4 3417.87 -116.375
67.5 3406.26 -116.176
67.6 3394.66 -115.977
67.7 3383.08 -115.779
67.8 3371.52 -115.58
67.9 3359.98 -115.382
68 3348.47 -115.183
68.1 3336.97 -114.985
68.2 3325.49 -114.786
68.3 3314.03 -114.588
68.4 3302.59 -114.389
68.5 3291.17 -114.191
68.6 3279.77 -113.992
68.7 3268.39 -113.794
68.8 3257.03 -113.595
68.9 3245.69 -113.397
69 3234.37 -113.198
69.1 3223.07 -113
69.2 3211.79 -112.801
69.3 3200.53 -112.603
69.4 3189.29 -112.404
69.5 3178.07 -112.206
69.6 3166.87 -112.007
69.7 3155.69 -111.809
69.8 3144.53 -111.61
69.9 3133.39 -111.412
70 3122.27 -111.214
70.1 3111.17 -111.015
70.2 3100.08 -110.817
70.3 3089.02 -110.618
70.4 3077.98 -110.42
70.5 3066.96 -110.221
70.6 3055.96 -110.023
70.7 3044.97 -109.824
70.8 3034.01 -109.626
70.9 3023.07 -109.427
71 3012.15 -109.229
71.1 3001.24 -109.03
71.2 2990.36 -108.832
71.3 2979.5 -108.633
71.4 2968.65 -108.435
71.5 2957.83 -108.237
71.6 2947.02 -108.038
71.7 2936.24 -107.84
71.8 2925.48 -107.641
71.9 2914.73 -107.443
72 2904.01 -107.244
72.1 2893.3 -107.046
72.2 2882.62 -106.847
72.3 2871.95 -106.649
72.4 2861.31 -106.451
72.5 2850.68 -106.252
72.6 2840.08 -106.054
72.7 2829.49 -105.855
72.8 2818.93 -105.657
72.9 2808.38 -105.458
73 2797.86 -105.26
73.1 2787.35 -105.061
73.2 2776.86 -104.863
73.3 2766.4 -104.665
73.4 2755.95 -104.466
73.5 2745.52 -104.268
73.6 2735.12 -104.069
73.7 2724.73 -103.871
73.8 2714.36 -103.673
73.9 2704.01 -103.474
74 2693.69 -103.276
74.1 2683.38 -103.077
74.2 2673.09 -102.879
74.3 2662.82 -102.68
74.4 2652.57 -102.482
74.5 2642.35 -102.284
74.6 2632.14 -102.085
74.7 2621.95 -101.887
74.8 2611.78 -101.688
74.9 2601.63 -101.49
75 2591.5 -101.292
75.1 2581.39 -101.093
75.2 2571.3 -100.895
75.3 2561.23 -100.696
75.4 2551.18 -100.498
75.5 2541.15 -100.3
75.6 2531.14 -100.101
75.7 2521.15 -99.9029
75.8 2511.18 -99.7045
75.9 2501.23 -99.5061
76 2491.3 -99.3077
76.1 2481.39 -99.1093
76.2 2471.5 -98.911
76.3 2461.63 -98.7126
76.4 2451.78 -98.5142
76.5 2441.95 -98.3158
76.6 2432.13 -98.1174
76.7 2422.34 -97.9191
76.8 2412.57 -97.7207
76.9 2402.82 -97.5223
77 2393.09 -97.324
77.1 2383.37 -97.1256
77.2 2373.68 -96.9272
77.3 2364.01 -96.7289
77.4 2354.35 -96.5305
77.5 2344.72 -96.3322
77.6 2335.11 -96.1338
77.7 2325.51 -95.9355
77.8 2315.94 -95.7371
77.9 2306.39 -95.5387
78 2296.85 -95.3404
78.1 2287.34 -95.142
78.2 2277.84 -94.9437
78.3 2268.37 -94.7454
78.4 2258.91 -94.547
78.5 2249.48 -94.3487
78.6 2240.06 -94.1503
78.7 2230.67 -93.952
78.8 2221.29 -93.7537
78.9 2211.94 -93.5553
79 2202.6 -93.357
79.1 2193.29 -93.1587
79.2 2183.99 -92.9603
79.3 2174.71 -92.762
79.4 2165.46 -92.5637
79.5 2156.22 -92.3653
79.6 2147 -92.167
79.7 2137.81 -91.9687
79.8 2128.63 -91.7704
79.9 2119.47 -91.5721
80 2110.34 -91.3737
80.1 2101.22 -91.1754
80.2 2092.12 -90.9771
80.3 2083.04 -90.7788
80.4 2073.99 -90.5805
80.5 2064.95 -90.3822
80.6 2055.93 -90.1839
80.7 2046.93 -89.9856
80.8 2037.95 -89.7873
80.9 2028.99 -89.589
81 2020.05 -89.3907
81.1 2011.13 -89.1924
81.2 2002.23 -88.9941
81.3 1993.36 -88.7958
81.4 1984.5 -88.5975
81.5 1975.66 -88.3992
81.6 1966.84 -88.2009
81.7 1958.04 -88.0026
81.8 1949.25 -87.8044
81.9 1940.49 -87.6061
82 1931.75 -87.4078
82.1 1923.03 -87.2095
82.2 1914.33 -87.0112
82.3 1905.65 -86.813
82.4 1896.99 -86.6147
82.5 1888.35 -86.4164
82.6 1879.72 -86.2181
82.7 1871.12 -86.0199
82.8 1862.54 -85.8216
82.9 1853.98 -85.6233
83 1845.44 -85.4251
83.1 1836.91 -85.2268
83.2 1828.41 -85.0286
83.3 1819.93 -84.8303
83.4 1811.46 -84.632
83.5 1803.02 -84.4338
83.6 1794.6 -84.2355
83.7 1786.19 -84.0373
83.8 1777.81 -83.839
83.9 1769.45 -83.6408
84 1761.1 -83.4426
84.1 1752.78 -83.2443
84.2 1744.47 -83.0461
84.3 1736.19 -82.8478
84.4 1727.92 -82.6496
84.5 1719.68 -82.4514
84.6 1711.45 -82.2531
84.7 1703.25 -82.0549
84.8 1695.06 -81.8567
84.9 1686.9 -81.6585
85 1678.75 -81.4602
85.1 1670.62 -81.262
85.2 1662.52 -81.0638
85.3 1654.43 -80.8656
85.4 1646.36 -80.6674
85.5 1638.32 -80.4691
85.6 1630.29 -80.2709
85.7 1622.28 -80.0727
85.8 1614.29 -79.8745
85.9 1606.33 -79.6763
86 1598.38 -79.4781
86.1 1590.45 -79.2799
86.2 1582.54 -79.0817
86.3 1574.65 -78.8835
86.4 1566.79 -78.6853
86.5 1558.94 -78.4871
86.6 1551.11 -78.2889
86.7 1543.3 -78.0907
86.8 1535.51 -77.8926
86.9 1527.74 -77.6944
87 1519.99 -77.4962
87.1 1512.26 -77.298
87.2 1504.55 -77.0998
87.3 1496.86 -76.9017
87.4 1489.19 -76.7035
87.5 1481.54 -76.5053
87.6 1473.91 -76.3071
87.7 1466.3 -76.109
87.8 1458.71 -75.9108
87.9 1451.14 -75.7126
88 1443.58 -75.5145
88.1 1436.05 -75.3163
88.2 1428.54 -75.1182
88.3 1421.05 -74.92
88.4 1413.58 -74.7219
88.5 1406.12 -74.5237
88.6 1398.69 -74.3256
88.7 1391.28 -74.1274
88.8 1383.89 -73.9293
88.9 1376.51 -73.7312
89 1369.16 -73.533
89.1 1361.83 -73.3349
89.2 1354.51 -73.1368
89.3 1347.22 -72.9386
89.4 1339.94 -72.7405
89.5 1332.69 -72.5424
89.6 1325.46 -72.3443
89.7 1318.24 -72.1461
89.8 1311.05 -71.948
89.9 1303.87 -71.7499
90 1296.72 -71.5518
90.1 1289.58 -71.3537
90.2 1282.47 -71.1556
90.3 1275.37 -70.9575
90.4 1268.29 -70.7594
90.5 1261.24 -70.5613
90.6 1254.2 -70.3632
90.7 1247.19 -70.1651
90.8 1240.19 -69.967
90.9 1233.21 -69.7689
91 1226.25 -69.5709
91.1 1219.32 -69.3728
91.2 1212.4 -69.1747
91.3 1205.5 -68.9766
91.4 1198.62 -68.7785
91.5 1191.77 -68.5805
91.6 1184.93 -68.3824
91.7 1178.11 -68.1843
91.8 1171.31 -67.9863
91.9 1164.53 -67.7882
92 1157.77 -67.5902
92.1 1151.03 -67.3921
92.2 1144.31 -67.1941
92.3 1137.61 -66.996
92.4 1130.94 -66.798
92.5 1124.28 -66.5999
92.6 1117.63 -66.4019
92.7 1111.01 -66.2039
92.8 1104.41 -66.0058
92.9 1097.83 -65.8078
93 1091.27 -65.6098
93.1 1084.73 -65.4118
93.2 1078.21 -65.2138
93.3 1071.71 -65.0157
93.4 1065.23 -64.8177
93.5 1058.76 -64.6197
93.6 1052.32 -64.4217
93.7 1045.9 -64.2237
93.8 1039.5 -64.0257
93.9 1033.11 -63.8277
94 1026.75 -63.6297
94.1 1020.41 -63.4317
94.2 1014.08 -63.2338
94.3 1007.78 -63.0358
94.4 1001.5 -62.8378
94.5 995.233 -62.6398
94.6 988.989 -62.4418
94.7 982.765 -62.2439
94.8 976.56 -62.0459
94.9 970.376 -61.848
95 964.211 -61.65
95.1 958.065 -61.4521
95.2 951.94 -61.2541
95.3 945.834 -61.0562
95.4 939.748 -60.8582
95.5 933.682 -60.6603
95.6 927.636 -60.4623
95.7 921.61 -60.2644
95.8 915.603 -60.0665
95.9 909.616 -59.8686
96 903.649 -59.6707
96.1 897.702 -59.4727
96.2 891.774 -59.2748
96.3 885.867 -59.0769
96.4 879.979 -58.879
96.5 874.111 -58.6811
96.6 868.262 -58.4832
96.7 862.434 -58.2853
96.8 856.625 -58.0875
96.9 850.836 -57.8896
97 845.067 -57.6917
97.1 839.318 -57.4938
97.2 833.588 -57.296
97.3 827.878 -57.0981
97.4 822.188 -56.9002
97.5 816.518 -56.7024
97.6 810.867 -56.5045
97.7 805.237 -56.3067
97.8 799.626 -56.1088
97.9 794.035 -55.911
98 788.464 -55.7132
98.1 782.912 -55.5154
98.2 777.38 -55.3175
98.3 771.868 -55.1197
98.4 766.376 -54.9219
98.5 760.904 -54.7241
98.6 755.451 -54.5263
98.7 750.018 -54.3285
98.8 744.605 -54.1307
98.9 739.212 -53.9329
99 733.838 -53.7351
99.1 728.485 -53.5374
99.2 723.151 -53.3396
99.3 717.836 -53.1418
99.4 712.542 -52.9441
99.5 707.267 -52.7463
99.6 702.013 -52.5486
99.7 696.777 -52.3508
99.8 691.562 -52.1531
99.9 686.367 -51.9553
100 681.191 -51.7576
100.1 676.035 -51.5599
100.2 670.899 -51.3622
100.3 665.782 -51.1645
100.4 660.686 -50.9668
100.5 655.609 -50.7691
100.6 650.551 -50.5714
100.7 645.514 -50.3737
100.8 640.497 -50.176
100.9 635.499 -49.9783
101 630.521 -49.7807
101.1 625.562 -49.583
101.2 620.624 -49.3853
101.3 615.705 -49.1877
101.4 610.806 -48.99
101.5 605.927 -48.7924
101.6 601.067 -48.5948
101.7 596.228 -48.3972
101.8 591.408 -48.1995
101.9 586.607 -48.0019
102 581.827 -47.8043
102.1 577.066 -47.6067
102.2 572.325 -47.4091
102.3 567.604 -47.2116
102.4 562.903 -47.014
102.5 558.221 -46.8164
102.6 553.559 -46.6189
102.7 548.917 -46.4213
102.8 544.295 -46.2238
102.9 539.692 -46.0262
103 535.109 -45.8287
103.1 530.546 -45.6312
103.2 526.003 -45.4336
103.3 521.479 -45.2361
103.4 516.975 -45.0386
103.5 512.491 -44.8411
103.6 508.027 -44.6437
103.7 503.582 -44.4462
103.8 499.157 -44.2487
103.9 494.752 -44.0513
104 490.367 -43.8538
104.1 486.001 -43.6564
104.2 481.655 -43.4589
104.3 477.329 -43.2615
104.4 473.023 -43.0641
104.5 468.736 -42.8667
104.6 464.469 -42.6693
104.7 460.222 -42.4719
104.8 455.995 -42.2745
104.9 451.787 -42.0771
105 447.599 -41.8798
105.1 443.431 -41.6824
105.2 439.282 -41.4851
105.3 435.153 -41.2878
105.4 431.044 -41.0904
105.5 426.955 -40.8931
105.6 422.885 -40.6958
105.7 418.836 -40.4985
105.8 414.805 -40.3012
105.9 410.795 -40.104
106 406.804 -39.9067
106.1 402.833 -39.7094
106.2 398.882 -39.5122
106.3 394.951 -39.315
106.4 391.039 -39.1178
106.5 387.147 -38.9205
106.6 383.275 -38.7234
106.7 379.422 -38.5262
106.8 375.589 -38.329
106.9 371.776 -38.1318
107 367.982 -37.9347
107.1 364.209 -37.7375
107.2 360.455 -37.5404
107.3 356.72 -37.3433
107.4 353.006 -37.1462
107.5 349.311 -36.9491
107.6 345.636 -36.752
107.7 341.98 -36.555
107.8 338.344 -36.3579
107.9 334.728 -36.1609
108 331.132 -35.9639
108.1 327.555 -35.7668
108.2 323.998 -35.5698
108.3 320.461 -35.3729
108.4 316.943 -35.1759
108.5 313.445 -34.9789
108.6 309.967 -34.782
108.7 306.509 -34.5851
108.8 303.07 -34.3882
108.9 299.651 -34.1913
109 296.251 -33.9944
109.1 292.871 -33.7975
109.2 289.511 -33.6007
109.3 286.171 -33.4038
109.4 282.85 -33.207
109.5 279.549 -33.0102
109.6 276.268 -32.8134
109.7 273.006 -32.6166
109.8 269.764 -32.4199
109.9 266.542 -32.2231
110 263.339 -32.0264
110.1 260.156 -31.8297
110.2 256.993 -31.633
110.3 253.849 -31.4364
110.4 250.725 -31.2397
110.5 247.621 -31.0431
110.6 244.537 -30.8465
110.7 241.472 -30.6499
110.8 238.426 -30.4533
110.9 235.401 -30.2567
111 232.395 -30.0602
111.1 229.408 -29.8637
111.2 226.441 -29.6672
111.3 223.494 -29.4707
111.4 220.567 -29.2743
111.5 217.659 -29.0778
111.6 214.771 -28.8814
111.7 211.903 -28.685
111.8 209.054 -28.4887
111.9 206.224 -28.2923
112 203.415 -28.096
112.1 200.625 -27.8997
112.2 197.854 -27.7034
112.3 195.104 -27.5072
112.4 192.373 -27.311
112.5 189.661 -27.1148
112.6 186.969 -26.9186
112.7 184.297 -26.7224
112.8 181.644 -26.5263
112.9 179.011 -26.3302
113 176.398 -26.1341
113.1 173.804 -25.9381
113.2 171.23 -25.7421
113.3 168.675 -25.5461
113.4 166.14 -25.3501
113.5 163.625 -25.1542
113.6 161.129 -24.9583
113.7 158.653 -24.7624
113.8 156.196 -24.5666
113.9 153.759 -24.3708
114 151.342 -24.175
114.1 148.944 -23.9792
114.2 146.565 -23.7835
114.3 144.207 -23.5878
114.4 141.867 -23.3922
114.5 139.548 -23.1965
114.6 137.248 -23.001
114.7 134.967 -22.8054
114.8 132.706 -22.6099
114.9 130.465 -22.4144
115 128.243 -22.219
115.1 126.04 -22.0236
115.2 123.858 -21.8282
115.3 121.694 -21.6329
115.4 119.551 -21.4376
115.5 117.426 -21.2424
115.6 115.322 -21.0472
115.7 113.236 -20.852
115.8 111.171 -20.6569
115.9 109.124 -20.4619
116 107.098 -20.2668
116.1 105.091 -20.0718
116.2 103.103 -19.8769
116.3 101.135 -19.682
116.4 99.186 -19.4872
116.5 97.2568 -19.2924
116.6 95.347 -19.0977
116.7 93.4567 -18.903
116.8 91.5859 -18.7084
116.9 89.7345 -18.5138
117 87.9026 -18.3193
117.1 86.0901 -18.1248
117.2 84.2971 -17.9304
117.3 82.5234 -17.736
117.4 80.7693 -17.5417
117.5 79.0345 -17.3475
117.6 77.3192 -17.1533
117.7 75.6233 -16.9592
117.8 73.9467 -16.7652
117.9 72.2896 -16.5712
118 70.6519 -16.3773
118.1 69.0335 -16.1835
118.2 67.4346 -15.9897
118.3 65.855 -15.7961
118.4 64.2947 -15.6024
118.5 62.7538 -15.4089
118.6 61.2323 -15.2155
118.7 59.7301 -15.0221
118.8 58.2472 -14.8288
118.9 56.7836 -14.6356
119 55.3394 -14.4425
119.1 53.9144 -14.2494
119.2 52.5088 -14.0565
119.3 51.1224 -13.8637
119.4 49.7553 -13.6709
119.5 48.4075 -13.4783
119.6 47.0789 -13.2857
119.7 45.7696 -13.0933
119.8 44.4795 -12.901
119.9 43.2086 -12.7088
120 41.9569 -12.5167
120.1 40.7245 -12.3247
120.2 39.5112 -12.1328
120.3 38.3171 -11.9411
120.4 37.1421 -11.7495
120.5 35.9863 -11.558
120.6 34.8497 -11.3667
120.7 33.7321 -11.1755
120.8 32.6337 -10.9845
120.9 31.5543 -10.7936
121 30.494 -10.6028
121.1 29.4528 -10.4123
121.2 28.4306 -10.2219
121.3 27.4274 -10.0316
121.4 26.4433 -9.84159
121.5 25.4781 -9.65173
121.6 24.5319 -9.46207
121.7 23.6046 -9.2726
121.8 22.6963 -9.08335
121.9 21.8069 -8.89431
122 20.9363 -8.70549
122.1 20.0846 -8.51692
122.2 19.2518 -8.32858
122.3 18.4377 -8.1405
122.4 17.6425 -7.95269
122.5 16.8659 -7.76515
122.6 16.1082 -7.57791
122.7 15.3691 -7.39097
122.8 14.6486 -7.20434
122.9 13.9468 -7.01805
123 13.2636 -6.8321
123.1 12.599 -6.64652
123.2 11.9528 -6.46132
123.3 11.3252 -6.27653
123.4 10.716 -6.09216
123.5 10.1251 -5.90824
123.6 9.55265 -5.7248
123.7 8.99847 -5.54185
123.8 8.46252 -5.35943
123.9 7.94477 -5.17758
124 7.44513 -4.99632
124.1 6.96357 -4.81569
124.2 6.49999 -4.63574
124.3 6.05434 -4.4565
124.4 5.62654 -4.27804
124.5 5.2165 -4.1004
124.6 4.82413 -3.92364
124.7 4.44935 -3.74784
124.8 4.09204 -3.57305
124.9 3.75211 -3.39938
125 3.42942 -3.2269
125.1 3.12384 -3.05573
125.2 2.83525 -2.88597
125.3 2.56347 -2.71777
125.4 2.30834 -2.55126
125.5 2.06968 -2.38661
125.6 1.84728 -2.22402
125.7 1.64091 -2.0637
125.8 1.45032 -1.90591
125.9 1.27522 -1.75093
126 1.11532 -1.59909
126.1 0.970237 -1.45078
126.2 0.839592 -1.30644
126.3 0.722935 -1.16658
126.4 0.619758 -1.03177
126.5 0.529488 -0.902691
126.6 0.45148 -0.780081
